
Dual Residual: 
1
17792.5
7694.8
8073.59
2013.57
7.61209
2.23929
2.30566
2.66277
1.4513
0.157468
0.631123
0.677797
0.376285
0.0499919
0.150076
0.180454
0.114497
0.0290697
0.0315109
0.0480666
0.0357494
0.0134484
0.00518427
0.0123913
0.010995
0.00541374
0.000508628
0.00300721
0.00328295
0.00198979
0.000409649
0.000657277
0.000943372
0.000684246
0.000238063
0.000115312
0.000258483
0.000222961
0.0001041
8.19412e-06
6.65751e-05
6.93928e-05
144.919
239.841
259.471
216.338
134.29
40.6584
41.4982
95.4193
115.804
105.553
73.8786
32.8215
7.86098
35.9124
50.2907
50.2357
39.0031
21.7335
5.09858
12.4702
21.0029
23.137
19.7322
12.9083
5.70981
5.26984
9.23639
11.068
10.3884
7.98418
5.22456
4.09002
4.98881
5.88003
5.93636
5.29564
4.48666
4.09024
4.22741
4.50862
4.61119
4.48976
4.27345
4.11809
4.08487
4.12308
4.15457
4.1457
4.11241
4.08689
4.08536
4.10017
4.11385
4.11561
4.10663
4.09471
4.08644
4.08336
4.08323
4.08348
4.08325
4.08316
4.08395
4.08555
4.08719
4.08807
4.08792
4.08704
4.08593
4.085
4.0844
4.08412
4.08408
4.08422
4.0845
4.08484
4.08517
4.0854
4.08548
4.08542
4.08528
4.0851
4.08494
4.08483
4.08478
3.80946
3.2484
2.39535
1.38514
0.337088
0.638275
1.44567
2.02018
2.32604
2.35915
2.14427
1.72941
1.17833
0.562275
0.0481973
0.590397
1.01525
1.2909
1.40424
1.36034
1.18004
0.896146
0.548819
0.180616
0.168151
0.463357
0.679967
0.80368
0.831304
0.769933
0.635146
0.448517
0.234753
0.0188147
0.176699
0.333647
0.439764
0.489321
0.483044
0.427368
0.33318
0.21423
0.0854079
0.0389162
0.146327
0.227447
0.276596
0.291994
0.275542
0.232246
0.169372
0.0954635
0.0193216
0.050933
0.108631
0.149095
0.169919
0.17098
0.154215
0.123208
0.0826485
0.0377279
0.00644741
0.0453776
0.0755725
0.0948086
0.102228
0.0982871
0.0845706
0.0635127
0.038056
0.0112939
0.0138655
0.0349815
0.0502851
0.0587929
0.0603276
0.0554526
0.0453371
0.0315723
0.0159623
0.00031591
0.0137421
0.0249197
0.0323571
0.0356714
0.0349463
0.0306754
0.0236688
0.0149357
0.00555995
0.00342042
0.0111159
0.0168623
0.0202662
0.0212176
0.019872
0.0166068
0.0119593
0.0065542
0.00103003
0.00402849
0.00814548
0.0109919
0.0124046
0.0123856
0.0110852
0.00877109
0.00578791
0.00251413
0.000680938
0.00347441
0.00561845
0.00695821
0.00743819
0.00709776
0.00605719
0.00449683
0.00263222
0.000688079
0.00112592
0.00263531
0.00371526
0.00429836
0.00437569
0.00399163
0.00323379
0.0022194
0.00108016
5.29543e-05
0.00106318
0.00185858
0.00237899
0.00259899
0.00252691
0.00220048
