
Objective value: 
300000
170358
34139.3
1.50051e-09
1.38652e-08
1.18893e-08
1.01057e-08
8.52775e-09
7.17621e-09
6.07136e-09
5.231e-09
4.67205e-09
4.41252e-09
4.47245e-11
3.51778e-09
9.86484e-09
1.73337e-08
2.63456e-08
3.73732e-08
5.09922e-08
6.79814e-08
8.9494e-08
1.17335e-07
1.54401e-07
2.05342e-07
2.77544e-07
3.82522e-07
5.37857e-07
7.69826e-09
1.11708e-08
1.6364e-08
2.41442e-08
3.59896e-08
5.49558e-08
8.86659e-08
1.57889e-07
3.183e-07
7.10645e-07
1.84781e-06
7.04701e-06
8.50643e-07
2.01192e-05
2417.09
6446.5
10806.7
14436.7
16681.2
17343.7
16627.3
14999.5
13027.5
11228.6
9964.59
9395.6
9489.31
10071.6
10897.6
11722.6
12357.3
12697.8
12729.7
12511.3
12144.1
11740.3
11395.1
11168.9
11081.9
11118.5
11238.6
11392.6
11534.1
11630.2
11665.6
11642
11574
11483
11390.7
11314.2
11263.2
11239.5
11238.3
11251
11267.5
11279.4
11281
11270.5
11248.8
11219.5
11187
11155.3
11127.4
11104.8
11087.5
11074.1
11063
11052.1
11039.9
11025.4
11008.6
10989.7
10969.6
10949.1
10928.9
10909.6
10891.4
10874.1
10857.6
10841.4
10825.1
10808.5
10791.4
10773.9
10756
10737.9
10719.8
10701.8
10683.9
10666.3
10648.9
10631.6
10614.3
10597
10579.6
10562.1
10544.6
10527
10509.3
10491.7
10476.1
10465.1
10458.8
10457.3
10460.3
10467.2
10476.7
10487.6
10498.7
10508.8
10516.9
10522.4
10525
10524.8
10522
10517.2
10511.2
10504.6
10498.2
10492.7
10488.5
10485.9
10485
10485.8
10488
10491.2
10495
10498.9
10502.5
10505.5
10507.6
10508.7
10508.8
10507.9
10506.4
10504.3
10502
10499.7
10497.7
10496.2
10495.2
10494.8
10494.9
10495.6
10496.7
10498
10499.4
10500.7
10501.8
10502.6
10503
10503.1
10502.9
10502.3
10501.6
10500.8
10500
10499.3
10498.7
10498.4
10498.2
10498.2
10498.4
10498.8
10499.2
10499.7
10500.2
10500.6
10500.9
10501
10501.1
10501
10500.9
10500.6
10500.3
10500.1
10499.8
10499.6
10499.4
10499.4
10499.4
10499.4
10499.5
10499.7
10499.9
10500
10500.2
10500.3
10500.4
10500.4
10500.4
10500.3
10500.2
10500.1
10500
10499.9
10499.9
10499.8
10499.8
10499.8
10499.8
10499.8
10499.9
10499.9
10500
10500.1
10500.1
10500.1
10500.1
10500.1
10500.1
10500.1
10500.1
10500
10500
10500
10499.9
10499.9
10499.9
10499.9
10499.9
10500
10500
10500
10500
10500
10500
10500
10500
10500
10500
10500
10500
10500
10500
10500
