
Primal Residual: 
186.682
4346.64
2387.25
331.759
181.202
181.133
181.13
181.116
181.109
181.11
181.109
181.108
181.108
181.108
181.108
181.108
181.108
181.108
181.108
181.108
181.108
181.108
181.108
181.108
181.108
181.108
181.108
181.108
181.108
181.108
181.108
181.108
181.108
181.108
181.108
181.108
181.108
181.108
181.108
181.108
181.108
181.108
181.108
144.255
83.2326
17.2151
37.8248
71.9672
82.2353
71.6902
47.3876
17.8911
8.9956
27.8074
36.1303
34.4514
25.3988
12.6686
0.138216
9.89361
15.2968
16.0428
13.0116
7.73533
1.90908
3.04482
6.19248
7.23984
6.42316
4.34585
1.76099
0.657868
2.36371
3.16127
3.0695
2.30925
1.20405
0.148236
0.832081
1.33298
1.42537
1.17923
0.728429
0.241309
0.275158
0.547428
0.649805
0.589385
0.418539
0.215433
0.138541
0.239066
0.305488
0.302725
0.246891
0.173112
0.132134
0.147997
0.174606
0.181745
0.16856
0.147249
0.133189
0.132893
0.139187
0.142913
0.141202
0.136449
0.132563
0.131567
0.132612
0.133718
0.13375
0.132892
0.131962
0.131551
0.131658
0.131914
0.132005
0.131881
0.131682
0.131557
0.131548
0.131598
0.131632
0.13162
0.131582
0.13155
0.315821
0.851418
1.24433
1.47375
1.53044
1.42327
1.1793
0.838253
0.445851
0.0485977
0.313671
0.605223
0.803914
0.898741
0.890623
0.791064
0.619854
0.402157
0.165348
0.0640561
0.263053
0.414176
0.506727
0.537186
0.508831
0.430692
0.316024
0.180494
0.0403045
0.0895356
0.196646
0.272283
0.311872
0.315045
0.285246
0.228981
0.15482
0.0723016
0.00915812
0.0812287
0.137416
0.173543
0.187946
0.181383
0.156707
0.118351
0.071706
0.0224647
0.0240022
0.0631677
0.0917302
0.107829
0.111087
0.102498
0.0841787
0.0590355
0.0303807
0.00154709
0.0244593
0.0452369
0.0591746
0.0655369
0.0644497
0.0567973
0.0440529
0.0280646
0.010825
0.00574994
0.0200118
0.0307224
0.0371401
0.0390447
0.0367064
0.0308072
0.0223272
0.0124125
0.00223898
0.00711243
0.014758
0.0200823
0.0227741
0.0228274
0.02051
0.0163076
0.0108509
0.00483536
0.00105791
0.00623096
0.0102224
0.0127411
0.0136788
0.0131019
0.0112274
0.00838374
0.00496609
0.001388
0.00196317
0.00476371
0.00678051
0.00788579
0.0080595
0.00738014
0.0060065
0.00415284
0.00206096
2.77161e-05
0.00189711
0.00337625
0.00435231
0.00477629
0.00466146
0.00407554
0.00312806
0.00195464
0.000700277
0.000496675
0.00151815
0.00227648
0.00272038
0.00283641
0.00264654
0.00220213
0.00157559
0.000850725
0.000112817
0.000560324
0.00110566
0.00147994
0.00166209
0.00165316
0.00147387
0.00116045
0.000759257
0.000320969
0.000105164
0.000476247
