
Dual Residual: 
1
85.7318
151.063
175.169
159.815
115.612
57.2923
6.2315
47.9038
75.2972
82.2948
71.5302
48.7595
21.2795
8.61369
26.7461
37.3022
38.5329
32.0214
20.7739
9.00479
8.07015
15.0489
18.8005
18.483
14.9865
10.0155
6.34701
7.05082
9.33767
10.4472
9.99184
8.46987
6.82849
6.10177
6.45464
7.05937
7.29165
7.05672
6.58444
6.20238
6.1005
6.2121
6.34603
6.3762
6.29814
6.18436
6.11032
6.10141
6.13107
6.15759
6.15815
6.13693
6.11227
6.0991
6.09983
6.10697
6.11178
6.11056
6.1053
6.10022
5.19679
3.54223
1.5439
0.426006
1.84039
2.63188
2.74132
2.28194
1.45958
0.515044
0.365256
0.975731
1.2742
1.2591
0.995801
0.586843
0.146983
0.246655
0.502974
0.60881
0.572096
0.428589
0.228551
0.029585
0.148463
0.253584
0.287386
0.257106
0.1816
0.0851756
0.0134125
0.0835866
0.12553
0.134122
0.114237
0.0755529
0.0297006
0.0140353
0.0450254
0.0611744
0.0619105
0.0501469
0.0307445
0.00923733
0.0103361
0.0234913
0.0294025
0.0282708
0.021725
0.0121646
0.00226045
0.00650315
0.0119584
0.0139555
0.0127701
0.00927431
0.00463559
0.000456059
0.00376146
0.00596748
0.00654679
0.00570423
0.00389265
0.00167313
0.000501493
0.00206381
0.0029284
0.00303721
0.00251828
