
Objective value: 
2100
5722.67
9837.89
13570
16262.3
17575.3
17510.4
16346.9
14529.9
12546.2
10818.5
9633.78
9112.89
9219.82
9800.14
10635.6
11500.7
12208.9
12642.6
12762.4
12599.7
12236.1
11777
11325.8
10963.8
10738.1
10659
10705.6
10836
10999.9
11150.3
11252.4
11287.9
11255.7
11168.2
11046.5
10914.3
10792.8
10696.6
10632.4
10599.2
10589.9
10594.3
10601.1
10601.2
10588.3
10560.1
10518
10465.6
10408
10350.3
10296.6
10249.4
10209.3
10175.5
10146.1
10118.4
10090.4
10060.2
10026.7
9989.97
9959.77
9943.66
9942.04
9952.33
9970.1
9990.3
10008.4
10021.2
10027.2
10026.6
10020.7
10011.9
10002.5
9994.46
9989.13
9987.04
9987.97
9991.11
9995.4
9999.76
10003.3
10005.5
10006.1
10005.4
10003.8
10001.7
9999.7
9998.17
9997.31
9997.16
9997.61
9998.45
9999.43
10000.3
10001
10001.3
10001.3
10001
10000.6
10000.2
9999.77
9999.49
9999.37
9999.4
9999.55
9999.75
9999.97
10000.1
10000.3
10000.3
10000.3
10000.2
10000.1
9999.99
9999.92
9999.87
9999.86
9999.88
9999.92
9999.97
10000
10000
10000.1
10000.1
10000.1
10000
10000
9999.99
9999.98
