
Primal Residual: 
116.619
95.0856
61.1615
22.1936
13.9532
39.5804
52.309
52.039
41.4118
24.6284
6.27845
9.65988
20.4765
25.035
23.6748
17.8517
9.62287
1.11524
5.91393
10.3545
11.836
10.654
7.57765
3.60102
0.300499
3.36161
5.13818
5.5318
4.74033
3.15909
1.26228
0.50762
1.82202
2.50913
2.557
2.08389
1.28863
0.394691
0.399397
0.954788
1.20814
1.1692
0.904203
0.511366
0.0948235
0.257376
0.48766
0.574355
0.52884
0.38666
0.195585
0.00360685
0.150697
0.244
0.269843
0.236548
0.162603
0.0709265
0.0166003
0.0833016
0.120002
0.683669
1.46632
1.79832
1.71042
1.30121
0.714777
0.11603
0.414305
0.737858
0.850487
0.770981
0.553594
0.269785
0.0305629
0.236803
0.366937
0.398114
0.343635
0.231529
0.0960815
0.0350799
0.128894
0.179538
0.184309
0.151353
0.0948249
0.0310492
0.0276599
0.0677711
0.0866021
0.0844081
0.0658121
0.0378324
0.00828055
0.0179725
0.0347099
0.0412397
0.0382402
0.0282119
0.0145819
0.00151472
0.0105905
0.0174079
0.0194062
0.0171337
0.0118986
0.00535303
0.00118216
0.00588225
0.00857911
0.0090297
0.00758866
0.00492303
0.00182164
0.00109575
0.00313845
0.00416464
0.00415595
0.00331981
0.0019896
0.000540789
0.00076418
0.00162566
0.00199468
0.00189225
0.00143278
0.000780177
0.000118757
0.000467841
