
Dual Residual: 
231.646
406.586
111.31
118.164
121.148
121.785
121.163
120.978
122.646
126.352
131.105
135.781
139.96
144.076
149.207
156.872
168.975
187.755
215.386
253.119
300.448
354.869
412.477
469.425
524.37
581.785
654.643
762.563
922.794
1140.51
1407.7
1709.78
2034.73
2382.56
2772.83
3245.27
3832.17
4561.15
5422.69
6397.17
7495.49
8811.12
10539.2
12914
16093
20061.6
24665.7
29742.8
35322.3
41820.5
50059.3
60963.9
75083.8
92329.8
112303
135118
162251
196976
243327
303767
377480
460093
547315
638982
744684
888192
1.09865e+06
1.39414e+06
1.76731e+06
2.18705e+06
2.61855e+06
3.04028e+06
3.4871e+06
4.07746e+06
4.99086e+06
6.3605e+06
8.17013e+06
1.02632e+07
1.24206e+07
1.44793e+07
1.65245e+07
1.91173e+07
2.32803e+07
2.99152e+07
3.91131e+07
5.01095e+07
6.16683e+07
7.26473e+07
8.29424e+07
9.48774e+07
1.13943e+08
1.46317e+08
1.94253e+08
2.54732e+08
3.2131e+08
3.86763e+08
4.47232e+08
5.09288e+08
5.97472e+08
7.49568e+08
9.91729e+08
1.3201e+09
1.7058e+09
2.10817e+09
2.49283e+09
2.86305e+09
3.30544e+09
4.00942e+09
5.18041e+09
6.89435e+09
9.05916e+09
1.14727e+10
1.39079e+10
1.62487e+10
1.87151e+10
2.2097e+10
2.76247e+10
3.62321e+10
4.79313e+10
6.18809e+10
7.67995e+10
9.15742e+10
1.06293e+11
1.23705e+11
1.49909e+11
1.91903e+11
2.52968e+11
3.30814e+11
4.19091e+11
5.10294e+11
6.00413e+11
6.96487e+11
8.24458e+11
1.02587e+12
1.33479e+12
1.75545e+12
2.2617e+12
2.81039e+12
3.36285e+12
3.92089e+12
4.57728e+12
5.54144e+12
7.06115e+12
9.26421e+12
1.20834e+13
1.53015e+13
1.86538e+13
2.1994e+13
2.55627e+13
3.02685e+13
3.75879e+13
4.87669e+13
6.40057e+13
8.2401e+13
1.02412e+14
1.22634e+14
1.43098e+14
1.67089e+14
2.02115e+14
2.57164e+14
3.36998e+14
4.3932e+14
5.56321e+14
6.78368e+14
8.00036e+14
9.29823e+14
1.10044e+15
1.36543e+15
1.7704e+15
2.32309e+15
2.9909e+15
3.71781e+15
4.45241e+15
5.19506e+15
6.06412e+15
7.33168e+15
9.32499e+15
1.22185e+16
1.59295e+16
2.01744e+16
2.46023e+16
2.90144e+16
3.37167e+16
3.98942e+16
4.9491e+16
6.41646e+16
8.41972e+16
1.08405e+17
1.34754e+17
1.61377e+17
1.88286e+17
2.19776e+17
2.65717e+17
3.37967e+17
4.42834e+17
5.77301e+17
7.31073e+17
8.91443e+17
1.05125e+18
1.22165e+18
1.4457e+18
1.79381e+18
2.32583e+18
3.05173e+18
3.92848e+18
4.88236e+18
5.84607e+18
6.8207e+18
7.96275e+18
9.63021e+18
1.22516e+19
1.6053e+19
2.09237e+19
2.649e+19
3.22932e+19
3.80772e+19
4.42529e+19
5.23854e+19
6.50233e+19
8.43209e+19
1.10624e+20
1.42367e+20
1.76883e+20
2.1175e+20
2.47041e+20
2.88472e+20
3.49026e+20
4.44167e+20
5.81988e+20
7.58392e+20
9.59845e+20
1.16978e+21
1.37909e+21
1.60292e+21
1.8982e+21
2.35713e+21
3.05717e+21
4.01025e+21
5.15942e+21
6.40821e+21
7.6696e+21
8.94759e+21
1.04509e+22
1.26503e+22
1.61038e+22
2.11004e+22
2.7489e+22
3.47793e+22
4.2374e+22
4.99491e+22
5.80631e+22
6.87864e+22
8.54533e+22
1.10848e+23
1.45381e+23
1.86981e+23
2.32162e+23
2.77799e+23
3.24085e+23
3.78642e+23
4.58543e+23
5.83902e+23
7.65043e+23
9.96406e+23
1.26023e+24
1.53497e+24
1.80915e+24
2.10334e+24
2.49283e+24
3.09817e+24
4.01939e+24
5.2706e+24
6.77649e+24
8.41112e+24
1.00623e+25
1.17389e+25
1.37192e+25
1.6622e+25
2.11725e+25
2.77393e+25
3.61179e+25
4.56649e+25
5.56043e+25
6.55286e+25
7.61965e+25
9.03446e+25
1.12331e+26
1.45749e+26
1.91082e+26
2.45593e+26
3.04734e+26
3.64476e+26
4.25213e+26
4.97098e+26
6.02563e+26
7.67745e+26
1.0058e+27
1.30922e+27
1.6547e+27
2.01428e+27
2.37353e+27
2.76039e+27
3.27433e+27
4.07289e+27
5.28513e+27
6.92757e+27
8.90081e+27
1.10405e+28
1.32022e+28
1.54025e+28
1.80121e+28
2.18439e+28
2.78399e+28
3.64698e+28
4.74573e+28
5.99594e+28
7.29686e+28
8.59732e+28
1.00003e+29
1.18673e+29
1.47677e+29
1.9165e+29
2.51156e+29
3.22584e+29
4e+29
4.7822e+29
5.57935e+29
6.52673e+29
7.9189e+29
1.00953e+30
1.32238e+30
1.72026e+30
2.17268e+30
2.64334e+30
3.11412e+30
3.62294e+30
4.3012e+30
5.35461e+30
6.94969e+30
9.10559e+30
1.16912e+31
1.44921e+31
1.73225e+31
2.02106e+31
2.36501e+31
2.87081e+31
3.66082e+31
4.79487e+31
6.23571e+31
7.87289e+31
9.57571e+31
1.12801e+32
1.31255e+32
1.55895e+32
1.94154e+32
2.52013e+32
3.3012e+32
4.23712e+32
5.25052e+32
6.27475e+32
7.32118e+32
8.5699e+32
1.04076e+33
1.32751e+33
1.7386e+33
2.26035e+33
2.85281e+33
3.46889e+33
4.08594e+33
4.75529e+33
5.65043e+33
7.03996e+33
9.13863e+33
1.19683e+34
1.53562e+34
1.90228e+34
2.27292e+34
2.65208e+34
3.10545e+34
3.77312e+34
4.81393e+34
6.30408e+34
8.19343e+34
1.03374e+35
1.25664e+35
1.48004e+35
1.72283e+35
2.04802e+35
2.55268e+35
3.3139e+35
4.33907e+35
5.56539e+35
6.89203e+35
8.2333e+35
9.60719e+35
1.12533e+36
1.3679e+36
1.74567e+36
2.28583e+36
2.96999e+36
3.74583e+36
4.55231e+36
5.36118e+36
6.24183e+36
7.42326e+36
9.25606e+36
1.20171e+37
1.57311e+37
2.01701e+37
2.49701e+37
2.9824e+37
3.48025e+37
4.07792e+37
4.95923e+37
6.33036e+37
8.28831e+37
1.07657e+38
1.35733e+38
1.64913e+38
1.942e+38
2.26145e+38
2.69066e+38
3.35629e+38
4.35773e+38
5.7032e+38
7.31001e+38
9.04674e+38
1.08034e+39
1.26075e+39
1.47776e+39
1.79795e+39
2.2956e+39
3.0053e+39
3.90238e+39
4.91838e+39
5.97418e+39
7.03462e+39
8.19346e+39
9.75279e+39
1.21701e+40
1.58023e+40
2.06766e+40
2.64928e+40
3.27767e+40
3.9134e+40
4.56719e+40
5.35519e+40
6.51848e+40
8.32462e+40
1.08971e+41
1.41454e+41
1.78221e+41
2.16423e+41
2.54821e+41
2.9686e+41
3.53512e+41
4.413e+41
5.73037e+41
7.49614e+41
9.60146e+41
1.18751e+42
1.4176e+42
1.65453e+42
1.94067e+42
2.3633e+42
3.01881e+42
3.95121e+42
5.12745e+42
6.45796e+42
7.84023e+42
9.23067e+42
1.07558e+43
1.2814e+43
1.60021e+43
2.078e+43
2.71767e+43
3.47973e+43
4.30241e+43
5.13514e+43
5.99385e+43
7.03286e+43
8.56831e+43
1.09473e+44
1.43269e+44
1.8586e+44
2.34008e+44
2.84024e+44
3.34376e+44
3.89706e+44
4.64483e+44
5.80258e+44
7.53543e+44
9.85268e+44
1.26111e+45
1.55878e+45
1.86018e+45
2.1714e+45
2.5487e+45
3.10653e+45
3.96992e+45
5.19484e+45
6.73705e+45
8.47944e+45
1.02892e+46
1.21126e+46
1.41201e+46
1.68368e+46
2.10411e+46
2.73257e+46
3.572e+46
4.57047e+46
5.64755e+46
6.73842e+46
7.86645e+46
9.23658e+46
1.12632e+47
1.43965e+47
1.88362e+47
2.44204e+47
3.07258e+47
3.72746e+47
4.3878e+47
5.11614e+47
6.10317e+47
7.62993e+47
9.90911e+47
1.295e+48
1.65641e+48
2.04614e+48
2.44098e+48
2.84985e+48
3.34741e+48
4.08367e+48
5.22078e+48
6.82987e+48
8.85186e+48
1.11337e+49
1.35034e+49
1.58949e+49
1.85376e+49
2.21236e+49
2.76678e+49
3.59335e+49
4.69487e+49
6.00307e+49
7.41328e+49
8.84245e+49
1.03245e+50
1.21314e+50
1.48062e+50
1.89328e+50
2.47646e+50
3.2086e+50
4.03435e+50
4.89187e+50
5.758e+50
6.71689e+50
8.01977e+50
1.0033e+51
1.30306e+51
1.70208e+51
2.1756e+51
2.68587e+51
3.20319e+51
3.74042e+51
4.39663e+51
5.36836e+51
6.86585e+51
8.97949e+51
1.16304e+52
1.46187e+52
1.77218e+52
2.08588e+52
2.43382e+52
2.90718e+52
3.63824e+52
4.72529e+52
6.17068e+52
7.88467e+52
9.7311e+52
1.16037e+53
1.35511e+53
1.59343e+53
1.94645e+53
2.48987e+53
3.2559e+53
4.21576e+53
5.29716e+53
6.4201e+53
7.55631e+53
8.81889e+53
1.05387e+54
1.31933e+54
1.71354e+54
2.23711e+54
2.85751e+54
3.52564e+54
4.2035e+54
4.90949e+54
5.77501e+54
7.05747e+54
9.02942e+54
1.18056e+55
1.52811e+55
1.91945e+55
2.32583e+55
2.73737e+55
3.19554e+55
3.8204e+55
4.7843e+55
6.21384e+55
8.11035e+55
1.0356e+56
1.27737e+56
1.52275e+56
1.77869e+56
2.09304e+56
2.55893e+56
3.2745e+56
4.28063e+56
5.53902e+56
6.95523e+56
8.42587e+56
9.91657e+56
1.15792e+57
1.38495e+57
1.73495e+57
2.25334e+57
2.9403e+57
3.75313e+57
4.628e+57
5.51632e+57
6.44421e+57
7.58589e+57
9.27839e+57
1.18749e+58
1.55212e+58
2.00775e+58
2.52026e+58
3.05248e+58
3.59246e+58
4.19586e+58
5.02071e+58
6.29154e+58
8.17134e+58
1.06597e+59
1.36018e+59
1.67676e+59
1.99835e+59
2.33476e+59
2.74942e+59
3.36427e+59
4.30644e+59
5.62786e+59
7.27757e+59
9.1323e+59
1.10584e+60
1.30145e+60
1.52043e+60
1.82012e+60
2.28155e+60
2.96319e+60
3.8645e+60
4.92944e+60
6.07505e+60
7.2393e+60
8.45903e+60
9.96511e+60
1.21987e+61
1.56174e+61
2.04061e+61
2.63792e+61
3.30914e+61
4.00622e+61
4.71482e+61
5.50958e+61
6.59844e+61
8.27383e+61
1.07455e+62
1.40102e+62
1.78648e+62
2.20105e+62
2.62255e+62
3.06481e+62
3.61183e+62
4.42321e+62
5.66367e+62
7.39908e+62
9.56175e+62
1.19908e+63
1.45137e+63
1.70807e+63
1.99652e+63
2.39214e+63
3.00044e+63
3.89668e+63
5.07917e+63
6.47441e+63
7.97461e+63
9.50066e+63
1.11043e+64
1.30912e+64
1.60386e+64
2.05395e+64
2.68284e+64
3.46586e+64
4.34493e+64
5.25801e+64
6.18802e+64
7.23495e+64
8.67234e+64
1.08809e+65
1.41307e+65
1.84137e+65
2.34639e+65
2.88928e+65
3.4418e+65
4.02329e+65
4.74499e+65
5.81567e+65
7.44874e+65
9.7277e+65
1.25628e+66
1.57441e+66
1.90488e+66
2.24182e+66
2.62182e+66
3.14406e+66
3.94593e+66
5.12425e+66
6.67558e+66
8.50355e+66
1.04682e+67
1.24687e+67
1.45773e+67
1.71987e+67
2.10881e+67
2.70133e+67
3.52717e+67
4.55363e+67
5.70494e+67
6.90105e+67
8.12181e+67
9.5011e+67
1.13986e+68
1.43099e+68
1.85823e+68
2.42011e+68
3.08177e+68
3.79275e+68
4.51709e+68
5.28175e+68
6.23395e+68
7.64676e+68
9.79653e+68
1.27891e+69
1.65055e+69
2.06721e+69
2.50014e+69
2.94245e+69
3.44311e+69
4.13252e+69
5.18948e+69
6.73856e+69
8.77369e+69
1.11686e+70
1.37416e+70
1.63644e+70
1.91374e+70
2.25962e+70
2.77282e+70
3.55278e+70
4.6372e+70
5.98275e+70
7.49066e+70
9.05764e+70
1.06603e+71
1.24777e+71
1.49825e+71
1.88198e+71
2.44363e+71
3.18074e+71
4.0476e+71
4.97875e+71
5.92846e+71
6.93413e+71
8.19054e+71
1.00547e+72
1.28845e+72
1.6814e+72
2.16856e+72
2.71428e+72
3.28146e+72
3.86217e+72
4.52189e+72
5.43198e+72
6.82508e+72
8.86145e+72
1.15312e+73
1.46688e+73
1.80387e+73
2.14777e+73
2.5125e+73
2.9689e+73
3.64604e+73
4.67267e+73
6.09656e+73
7.86035e+73
9.83533e+73
1.18884e+74
1.39926e+74
1.63875e+74
1.96941e+74
2.47516e+74
3.21347e+74
4.18039e+74
5.3161e+74
6.53568e+74
7.78101e+74
9.10385e+74
1.07618e+75
1.32214e+75
1.69459e+75
2.21054e+75
2.84912e+75
3.56389e+75
4.30703e+75
5.06956e+75
5.93895e+75
7.14036e+75
8.97638e+75
1.16532e+76
1.51552e+76
1.9266e+76
2.36798e+76
2.81895e+76
3.29874e+76
3.901e+76
4.79442e+76
6.14563e+76
8.01515e+76
1.03271e+77
1.29139e+77
1.5604e+77
1.83673e+77
2.15235e+77
2.58885e+77
3.25538e+77
4.22584e+77
5.49419e+77
6.98213e+77
8.57955e+77
1.02127e+78
1.1953e+78
1.41408e+78
1.73859e+78
2.22879e+78
2.90619e+78
3.74324e+78
4.67944e+78
5.65322e+78
6.65462e+78
7.80047e+78
9.38642e+78
1.1806e+79
1.53244e+79
1.9918e+79
2.53038e+79
3.10851e+79
3.69996e+79
4.33121e+79
5.12599e+79
6.30469e+79
8.08299e+79
1.05375e+80
1.3568e+80
1.69562e+80
2.04813e+80
2.41105e+80
2.82705e+80
3.40327e+80
4.28162e+80
5.55715e+80
7.22083e+80
9.17026e+80
1.12627e+81
1.34047e+81
1.56945e+81
1.85817e+81
2.2863e+81
2.93141e+81
3.82075e+81
4.91793e+81
6.1442e+81
7.42029e+81
8.73558e+81
1.0246e+82
1.23395e+82
1.5528e+82
2.01522e+82
2.61775e+82
3.32336e+82
4.08068e+82
4.85646e+82
5.68708e+82
6.73596e+82
8.29098e+82
1.06312e+83
1.38535e+83
1.78258e+83
2.22639e+83
2.68835e+83
3.16506e+83
3.71343e+83
4.47408e+83
5.6315e+83
7.30788e+83
9.49004e+83
1.20441e+84
1.47851e+84
1.75948e+84
2.0608e+84
2.44185e+84
3.00664e+84
3.85556e+84
5.02309e+84
6.46122e+84
8.06747e+84
9.73987e+84
1.14677e+85
1.34587e+85
1.62224e+85
2.04237e+85
2.65009e+85
3.44039e+85
4.36485e+85
5.35693e+85
6.37461e+85
7.46772e+85
8.85201e+85
1.09034e+86
1.39828e+86
1.8213e+86
2.34196e+86
2.9233e+86
3.52876e+86
4.15503e+86
4.87796e+86
5.88205e+86
7.40709e+86
9.61017e+86
1.24723e+87
1.58185e+87
1.94093e+87
2.30954e+87
2.70611e+87
3.20901e+87
3.95407e+87
5.0711e+87
6.60376e+87
8.48876e+87
1.05928e+88
1.27848e+88
1.50548e+88
1.76798e+88
2.13279e+88
2.68635e+88
3.48499e+88
4.52152e+88
5.73272e+88
7.03241e+88
8.36757e+88
9.80632e+88
1.16334e+89
1.43394e+89
1.83912e+89
2.39442e+89
3.07686e+89
3.83838e+89
4.63199e+89
5.45484e+89
6.40799e+89
7.73342e+89
9.74271e+89
1.26378e+90
1.63916e+90
2.07757e+90
2.548e+90
3.03164e+90
3.55363e+90
4.21739e+90
5.20019e+90
6.66992e+90
8.68179e+90
1.11525e+91
1.39087e+91
1.6782e+91
1.97648e+91
2.32258e+91
2.80414e+91
3.53345e+91
4.58291e+91
5.94236e+91
7.52923e+91
9.23203e+91
1.09839e+92
1.28778e+92
1.52893e+92
1.88587e+92
2.41897e+92
3.14788e+92
4.04236e+92
5.03993e+92
6.08023e+92
7.16153e+92
8.41833e+92
1.01679e+93
1.2815e+93
1.66192e+93
2.15424e+93
2.72864e+93
3.34499e+93
3.97962e+93
4.66679e+93
5.5429e+93
6.83923e+93
8.77289e+93
1.14137e+94
1.4652e+94
1.82626e+94
2.20293e+94
2.59492e+94
3.05131e+94
3.68695e+94
4.64775e+94
6.02672e+94
7.80963e+94
9.88873e+94
1.21198e+95
1.44188e+95
1.69122e+95
2.00951e+95
2.48031e+95
3.18167e+95
4.13841e+95
5.31079e+95
6.61763e+95
7.98145e+95
9.40257e+95
1.10599e+96
1.33693e+96
1.68565e+96
2.1855e+96
2.83117e+96
3.58373e+96
4.39132e+96
5.22418e+96
6.12893e+96
7.28535e+96
8.99514e+96
1.1539e+97
1.50052e+97
1.92496e+97
2.39796e+97
2.89178e+97
3.407e+97
4.00886e+97
4.84789e+97
6.11356e+97
7.9254e+97
1.02636e+98
1.29876e+98
1.5911e+98
1.89283e+98
2.22113e+98
2.64128e+98
3.26221e+98
4.18486e+98
5.44061e+98
6.97721e+98
8.68925e+98
1.04774e+99
1.23453e+99
1.4531e+99
1.75793e+99
2.21729e+99
2.87403e+99
3.72078e+99
4.70678e+99
5.76502e+99
6.85816e+99
8.04952e+99
9.57597e+99
1.1831e+100
1.51773e+100
1.97267e+100
2.52896e+100
3.14864e+100
3.79613e+100
4.4734e+100
5.26716e+100
6.37463e+100
8.04179e+100
1.04222e+101
1.34886e+101
1.70576e+101
2.08884e+101
2.48489e+101
2.91722e+101
3.47182e+101
4.29073e+101
5.50441e+101
7.15253e+101
9.16648e+101
1.14094e+102
1.37541e+102
1.62098e+102
1.90925e+102
2.3116e+102
2.91665e+102
3.77947e+102
4.8899e+102
6.18178e+102
7.56853e+102
9.00348e+102
1.05724e+103
1.25874e+103
1.55613e+103
1.9963e+103
2.59337e+103
3.32248e+103
4.13434e+103
4.98339e+103
5.87381e+103
6.92075e+103
8.3825e+103
1.05784e+104
1.37057e+104
1.77269e+104
2.24031e+104
2.74233e+104
3.26224e+104
3.83163e+104
4.56372e+104
5.64367e+104
7.24007e+104
9.40306e+104
1.20426e+105
1.49813e+105
1.80559e+105
2.12847e+105
2.5087e+105
3.03976e+105
3.83666e+105
4.97016e+105
6.42633e+105
8.119e+105
9.93638e+105
1.18202e+106
1.38867e+106
1.65465e+106
2.04683e+106
2.62579e+106
3.40937e+106
4.36497e+106
5.42865e+106
6.54211e+106
7.71291e+106
9.09389e+106
1.10232e+107
1.39152e+107
1.80235e+107
2.32967e+107
2.94237e+107
3.6003e+107
4.28291e+107
5.03289e+107
5.99929e+107
7.42341e+107
9.52309e+107
1.23617e+108
1.58212e+108
1.96714e+108
2.37038e+108
2.79495e+108
3.29652e+108
3.99743e+108
5.04695e+108
6.53596e+108
8.44548e+108
1.06633e+109
1.30452e+109
1.55187e+109
1.82407e+109
2.17519e+109
2.69233e+109
3.45379e+109
4.48209e+109
5.73453e+109
7.12822e+109
8.58858e+109
1.01282e+110
1.195e+110
1.44963e+110
1.8305e+110
2.37017e+110
3.06164e+110
3.86444e+110
4.72676e+110
5.62309e+110
6.61106e+110
7.8868e+110
9.76465e+110
1.25261e+111
1.62511e+111
2.07853e+111
2.58301e+111
3.11191e+111
3.67027e+111
4.33195e+111
5.25702e+111
6.63912e+111
8.59505e+111
1.1099e+112
1.4005e+112
1.71269e+112
2.0375e+112
2.3961e+112
2.85962e+112
3.5415e+112
4.54291e+112
5.89232e+112
7.53379e+112
9.35993e+112
1.12755e+113
1.33005e+113
1.57038e+113
1.90645e+113
2.40799e+113
3.11686e+113
4.02358e+113
5.07548e+113
6.20577e+113
7.38286e+113
8.68449e+113
1.03686e+114
1.28446e+114
1.64761e+114
2.13643e+114
2.73068e+114
3.39172e+114
4.08549e+114
4.81992e+114
5.69287e+114
6.91374e+114
8.73371e+114
1.13028e+115
1.45861e+115
1.83938e+115
2.24861e+115
2.67519e+115
3.14766e+115
3.75956e+115
4.65862e+115
5.97551e+115
7.74621e+115
9.89756e+115
1.22904e+116
1.48033e+116
1.74669e+116
2.06378e+116
2.5073e+116
3.16771e+116
4.09879e+116
5.28772e+116
6.66603e+116
8.14768e+116
9.69368e+116
1.14087e+117
1.36319e+117
1.68965e+117
2.16719e+117
2.8086e+117
3.58744e+117
4.45365e+117
5.3638e+117
6.32992e+117
7.48168e+117
9.09289e+117
1.14893e+118
1.48636e+118
1.91688e+118
2.41581e+118
2.95227e+118
3.51258e+118
4.13515e+118
4.94292e+118
6.12826e+118
7.85992e+118
1.01834e+119
1.30029e+119
1.61386e+119
1.94353e+119
2.29395e+119
2.71232e+119
3.29763e+119
4.16718e+119
5.39005e+119
6.949e+119
8.75506e+119
1.06974e+120
1.27282e+120
1.49882e+120
1.79232e+120
2.2227e+120
2.85062e+120
3.69225e+120
4.71301e+120
5.84812e+120
7.04225e+120
8.31332e+120
9.83302e+120
1.19593e+121
1.51145e+121
1.95462e+121
2.51912e+121
3.17289e+121
3.87618e+121
4.61223e+121
5.43267e+121
6.49905e+121
8.06171e+121
1.03386e+122
1.33872e+122
1.70826e+122
2.11918e+122
2.55173e+122
3.01279e+122
3.56483e+122
4.33723e+122
5.48207e+122
7.0881e+122
9.13219e+122
1.14988e+123
1.40453e+123
1.67132e+123
1.96916e+123
2.35662e+123
2.92399e+123
3.74961e+123
4.85389e+123
6.19171e+123
7.67928e+123
9.24615e+123
1.09186e+124
1.29239e+124
1.57298e+124
1.98838e+124
2.57039e+124
3.31055e+124
4.16724e+124
5.08932e+124
6.05634e+124
7.13764e+124
8.54542e+124
1.06054e+125
1.35991e+125
1.7599e+125
2.24422e+125
2.78275e+125
3.35035e+125
3.95706e+125
4.6855e+125
5.70477e+125
7.21196e+125
9.32108e+125
1.20012e+126
1.51024e+126
1.84412e+126
2.19465e+126
2.58722e+126
3.09872e+126
3.84664e+126
4.93211e+126
6.38097e+126
8.13434e+126
1.00839e+127
1.21401e+127
1.4341e+127
1.69872e+127
2.06898e+127
2.61583e+127
3.38014e+127
4.35061e+127
5.47322e+127
6.68225e+127
7.95288e+127
9.37813e+127
1.12366e+128
1.3952e+128
1.78878e+128
2.31358e+128
2.94834e+128
3.65413e+128
4.39902e+128
5.19748e+128
6.15877e+128
7.50374e+128
9.48782e+128
1.22575e+129
1.57715e+129
1.98354e+129
2.42135e+129
2.88195e+129
3.39942e+129
4.07467e+129
5.06053e+129
6.48757e+129
8.38846e+129
1.06864e+130
1.32416e+130
1.59402e+130
1.88369e+130
2.2329e+130
2.72147e+130
3.44132e+130
4.44498e+130
5.71739e+130
7.18852e+130
8.77391e+130
1.04437e+131
1.23225e+131
1.47759e+131
1.83551e+131
2.35292e+131
3.04144e+131
3.87337e+131
4.79842e+131
5.77607e+131
6.82702e+131
8.09564e+131
9.87032e+131
1.2482e+132
1.6119e+132
2.07263e+132
2.60518e+132
3.1793e+132
3.78463e+132
4.46679e+132
5.35822e+132
6.65763e+132
8.5336e+132
1.10275e+133
1.40393e+133
1.73883e+133
2.09303e+133
2.47433e+133
2.9352e+133
3.57984e+133
4.52737e+133
5.84526e+133
7.51354e+133
9.44141e+133
1.15205e+134
1.3715e+134
1.61919e+134
1.94308e+134
2.41482e+134
3.09498e+134
3.99827e+134
5.08861e+134
6.30111e+134
7.5844e+134
8.96783e+134
1.06421e+135
1.29837e+135
1.64213e+135
2.11968e+135
2.72375e+135
3.42166e+135
4.17459e+135
4.97021e+135
5.86957e+135
7.04638e+135
8.75896e+135
1.12249e+136
1.44967e+136
1.8444e+136
2.28338e+136
2.74834e+136
3.25029e+136
3.85855e+136
4.70909e+136
5.95622e+136
7.68666e+136
9.87393e+136
1.24004e+137
1.51272e+137
1.80118e+137
2.12774e+137
2.55532e+137
3.17704e+137
4.07109e+137
5.2561e+137
6.68513e+137
8.27448e+137
9.95913e+137
1.17804e+138
1.39902e+138
1.70797e+138
2.16041e+138
2.78743e+138
3.57942e+138
4.49404e+138
5.48155e+138
6.52742e+138
7.71323e+138
9.26677e+138
1.15238e+139
1.47651e+139
1.90572e+139
2.42307e+139
2.9985e+139
3.60891e+139
4.26978e+139
5.07259e+139
6.19476e+139
7.83612e+139
1.01081e+140
1.29758e+140
1.62869e+140
1.98633e+140
2.36554e+140
2.79614e+140
3.36059e+140
4.17993e+140
5.35506e+140
6.9096e+140
8.78255e+140
1.0866e+141
1.30778e+141
1.54758e+141
1.83925e+141
2.24684e+141
2.84229e+141
3.66553e+141
4.70387e+141
5.90256e+141
7.19785e+141
8.57282e+141
1.01365e+142
1.21873e+142
1.51616e+142
1.94219e+142
2.50523e+142
3.18329e+142
3.93764e+142
4.73908e+142
5.60928e+142
6.6689e+142
8.14937e+142
1.03094e+143
1.32924e+143
1.70521e+143
2.13916e+143
2.60829e+143
3.10685e+143
3.67467e+143
4.41981e+143
5.4995e+143
7.044e+143
9.08325e+143
1.1538e+144
1.42693e+144
1.71735e+144
2.03313e+144
2.4181e+144
2.95583e+144
3.73942e+144
4.82024e+144
6.18156e+144
7.75257e+144
9.4517e+144
1.12596e+145
1.33216e+145
1.60289e+145
1.99482e+145
2.55474e+145
3.29333e+145
4.18203e+145
5.17097e+145
6.22336e+145
7.36932e+145
8.76795e+145
1.0721e+146
1.35636e+146
1.74797e+146
2.24088e+146
2.80963e+146
3.42505e+146
4.08062e+146
4.82945e+146
5.8131e+146
7.23579e+146
9.26564e+146
1.19406e+147
1.5158e+147
1.87388e+147
2.25525e+147
2.67112e+147
3.17927e+147
3.88864e+147
4.91977e+147
6.3387e+147
8.12342e+147
1.01825e+148
1.24115e+148
1.47889e+148
1.75083e+148
2.10822e+148
2.62464e+148
3.3605e+148
4.32933e+148
5.49412e+148
6.79069e+148
8.17274e+148
9.682e+148
1.15282e+149
1.41046e+149
1.7845e+149
2.29861e+149
2.94482e+149
3.69028e+149
4.49767e+149
5.35978e+149
6.3474e+149
7.64588e+149
9.52043e+149
1.2188e+150
1.56969e+150
1.99138e+150
2.46086e+150
2.96172e+150
3.50947e+150
4.18022e+150
5.11598e+150
6.47275e+150
8.33548e+150
1.06753e+151
1.33741e+151
1.62986e+151
1.94251e+151
2.30119e+151
2.77296e+151
3.45338e+151
4.4204e+151
5.69122e+151
7.21789e+151
8.91788e+151
1.07331e+152
1.2721e+152
1.5158e+152
1.85566e+152
2.34781e+152
3.0227e+152
3.8699e+152
4.84698e+152
5.90632e+152
7.04019e+152
8.34284e+152
1.00569e+153
1.25266e+153
1.60321e+153
2.06347e+153
2.61617e+153
3.23175e+153
3.88961e+153
4.61112e+153
5.49654e+153
6.73088e+153
8.51603e+153
1.09612e+154
1.40288e+154
1.75662e+154
2.14035e+154
2.55158e+154
3.02468e+154
3.64744e+154
4.54388e+154
5.8146e+154
7.4815e+154
9.4825e+154
1.17116e+155
1.40959e+155
1.67146e+155
1.99316e+155
2.44145e+155
3.08896e+155
3.97488e+155
5.08556e+155
6.36629e+155
7.75633e+155
9.24778e+155
1.09661e+156
1.32287e+156
inf
