
Objective value: 
0.000895469
0.000169811
0.000154775
0.000144442
0.000137749
0.000134117
0.000234515
0.000213011
0.000198819
0.000417798
0.000432409
0.000534395
0.00070558
0.000616908
0.000596704
0.000935961
0.00109439
0.00142319
0.00161116
0.0017689
0.00185009
0.00160551
0.00186459
0.00192919
0.00187707
0.0021554
0.00192199
0.00173417
0.00197469
0.00219708
0.00367406
0.00374647
0.00266693
653.797
3528.83
4101.17
4188.78
4496.16
5121.14
5860.62
8131.52
12323.4
13799
15362.4
18847.5
26665.6
38315.8
45547.4
54970.7
57180.8
56681.5
51047.3
57214
78697.4
103636
114145
128484
155013
153130
154132
157661
143034
131504
114256
114529
150273
134677
122036
124647
115238
137239
146236
178432
186686
195673
214893
214837
193181
204470
185845
207243
193024
155526
137210
144787
119559
140833
128491
129603
155525
192407
200723
214670
213972
189181
199385
159259
167955
166889
153258
167838
154850
143419
129027
193301
184737
212912
235215
263641
264946
232133
164965
132754
108275
126833
145267
138370
152154
139265
150287
164087
216598
223564
236695
243141
274535
261251
192291
142869
132532
120232
137443
154269
158134
149957
174414
171790
177809
224779
231274
239316
251341
269105
244026
191160
151787
128432
128102
149743
150348
175268
174227
204547
179054
183557
210065
223084
248874
260202
253501
221190
205951
157585
137857
133757
145643
145910
165318
177386
208320
198226
183153
219497
232133
277269
281091
268246
225009
216596
154544
134231
141957
133757
150655
166730
170441
216792
215226
211468
222543
239018
296950
273013
250219
208043
187607
154731
146531
145809
141957
154510
162617
164652
216792
206297
215568
210223
247208
291840
263854
252207
194198
177969
152047
158831
142866
160512
165227
167923
155392
180546
183704
219825
267533
259960
263867
243216
249542
269935
258165
235050
252220
230398
230398
213642
211878
207778
210330
232842
225820
237652
229785
220261
208298
207778
211878
213082
216330
222479
220374
220347
215451
211979
211984
211988
211993
212023
213714
213091
213072
213243
213471
213709
228263
228104
227392
226419
225334
224240
223210
222277
221454
220737
220118
219584
219126
218735
218400
218114
217869
217660
216284
214678
213208
211944
210880
209992
209256
208644
208137
207716
207368
207081
206845
206652
206496
206370
206267
206183
206115
206060
206016
205980
205951
205177
203857
202785
202112
201764
201755
201751
201752
201756
201759
201760
201758
201755
201752
201749
201750
201758
201768
201779
201791
201804
201818
201832
200861
197584
193604
189738
186331
183485
181186
179371
177963
176694
175341
174094
173049
172233
171631
171210
170933
170765
170673
170633
170623
170630
170643
170659
170674
170689
170705
170725
170739
170747
170749
170748
170745
170743
170744
170749
170757
170767
170776
170784
170791
170798
170805
170812
170819
170827
170230
169359
168476
167717
165050
162032
159778
158028
156711
155732
155005
154465
154067
153778
153572
153432
153341
153286
153256
153245
153246
153256
153271
153134
152876
152614
152345
152071
151794
151519
151249
150987
150733
150490
150251
150011
149771
149534
149302
149075
148855
148639
148425
148210
147996
147783
147572
147364
147162
146965
146770
146574
146375
146176
145977
145781
145590
145404
145222
145041
144859
144690
144524
144360
144195
144030
143865
143698
143525
143346
143163
142981
142801
142627
142460
142297
142136
141972
141805
141638
141476
141324
141175
141031
140888
140744
140597
140449
140302
140157
140016
139879
139745
139612
139476
139339
139201
139065
138934
138811
138694
138581
138466
138346
138224
138101
137980
137790
137520
137215
136903
136601
136322
136070
135850
135662
135504
135371
135256
135149
135044
134938
134833
134729
134630
134535
134448
134358
134265
134166
134066
133967
133872
133783
133700
133620
133539
133457
133374
133293
133214
133141
133073
133009
132945
132883
132820
132756
132692
132630
132573
132518
132464
132406
132342
132272
132047
131389
130606
129816
129072
128377
127722
126995
126308
125665
125066
124508
123989
123499
123026
122255
121362
120468
119643
118921
118312
117809
117396
117049
116753
116494
116263
116053
115858
115674
115493
115308
115116
114922
114730
114546
114373
114213
114063
113916
113766
113613
113460
113311
113171
113040
112918
112801
112680
112553
112422
112291
112165
112046
111937
111833
111730
111621
111505
111388
111272
111163
111062
110968
110877
110783
110681
110575
110468
110365
110270
110183
110101
110018
109930
109835
109738
109643
109554
109473
109401
109331
109258
109179
109095
109011
108932
108861
108798
108741
108683
108619
108548
108475
108403
108337
108277
108225
108174
108119
108056
107987
107918
107851
107792
107739
107691
107642
107587
107525
107460
107397
107340
107290
107247
107206
105878
104545
103615
103181
103318
103794
103763
102842
101623
100358
99138.8
98001.7
96963.7
96035.6
95224.2
94573.2
94007.7
93512.8
93079
92702.9
92383.4
92118.9
91905.5
91754.7
91646.7
91559.6
91476.7
91390.6
91302.1
91215
91134.2
91063.3
91003.2
90949.7
90896.1
90838.9
90780.1
90724.2
90675.4
90636.9
90609.4
90589.8
90570.9
90546.3
90515.7
90483
90453.3
90430.8
90417.8
90413.1
90411.1
90403.7
90397.1
90387.8
90372.6
90354.7
90338.9
90327.5
90318.3
90304.3
90279.7
90244.7
90204.6
90165.7
90132.7
90108.6
90092.5
90078.6
90059
90030.2
89995.3
89960.1
89930.2
89909.5
89899.2
89896.2
89892.7
89882.3
89864.9
89845.4
89829.2
89820.8
89406.4
88909.9
88448.8
88015.7
87603.9
87214.4
86851.3
86518.9
86219.4
85952.3
85712.2
85489.1
85274.1
85065.1
84864.7
84676.9
84504.6
84349
84208.2
84075.5
83942.7
83921.5
84169.6
84532.6
84909.6
85243.5
85507.7
85691.8
85792.7
85815.2
85774.2
85307.9
84412.4
83481.8
82617.9
81843.7
81157.9
80549.9
80010.3
79533.7
79116.1
78752.6
78437.7
78164.3
77922.4
77699.1
77484.3
77276.4
77079.7
76899.9
76741.3
76606.1
76491.9
76390.7
76292.3
76191.8
76091.4
75996.7
75913
75844
75790.3
75747.6
75706.9
75660.4
75608
75554.6
75506.2
75467.8
75441.7
75426.3
75414.5
75396.9
75369.4
75335
75299.9
75269.8
75248.9
75237.9
75232.7
75224.6
75206.3
75177.9
75144.6
75113
75088.2
75073.2
75066.6
75061.9
75050.1
75027.7
74998
74967.4
74942
74926
74920.4
74921.2
74919.7
74908.9
74888.9
74889.3
75322.1
75925
76527.6
77037.1
77414.1
77653.4
77774.3
77809.8
77795.1
77759.6
77724.1
77700
77687.3
77677.8
77662.4
77639.5
77613.2
77589.2
77572.8
77567.3
77571.5
77578.6
77579
77568.8
77551.3
77532.7
77518.8
77513.2
77516.3
77523.1
77523.9
77511.5
77486.5
77455.8
77726.1
78255.7
78879.1
79487.2
80012.4
80418.3
80697.4
80864.7
80945.5
80967.2
80953.8
80923
80882.9
80832.5
80769.9
80699.5
80630
80570.3
80527
80503.6
80497.8
80500.6
80500.8
80493
80480.5
80469.9
80467.7
80477.9
80501.1
80531.6
80558.5
80573.2
80575.8
80572.7
80571.9
80579.5
80598.9
80628.3
80659.1
80680.6
80688.4
80686.3
80681.6
80681.5
80690.7
80730.9
81045.6
81489.7
81959.5
82394.2
82764.8
83062.2
83288.8
83452.5
83561.2
83618.3
83625.6
83590.9
83529.6
83459.3
83394.8
83346.8
83319.6
83309
83303.7
83294
83278.6
83262.6
83252.6
83253.9
83268.7
83293.8
83319.3
83333.4
83331
83316.4
83298.1
83283.9
83279.8
83287.2
83300.9
83309.6
83304.9
83287
83263
83241.4
83229.2
83230.1
83242.1
83256.3
83261.5
83253.1
83235.5
83216.8
83204.8
83204.9
83218.2
83238.7
83255
83258.2
83248.4
83232.2
83217.9
83212.1
83218.3
83234.4
83251.3
83257.7
83249.2
83230.3
83209.1
83193.5
83189
83196.9
83211.4
83221.6
83218.7
83203.2
83182
83163.5
83154.5
83158.5
83173.3
83190
83197.2
83190.6
83174.6
83157
83145.7
83145.8
83158.4
83177.6
83192.2
83193.5
83182
83164.3
83148.8
83142
83147.5
83163
83179.5
83185.9
83178
83160
83140.1
83126.1
83123.2
83132.5
83148.2
83159.3
83157.2
83142.5
83122.1
83104.2
83095.4
83099.2
83113.3
83128.8
83134.5
83126.2
83108.4
83088.9
83075.5
83073.3
83083.3
83099.7
83111.4
83109.9
83095.7
83075.9
83058.5
83050.3
83054.5
83069.1
83084.9
83091.1
83083.7
83067
83049
83037.5
83037.7
83050.3
83069.7
83084.7
83087
83077.2
83062.1
83049.8
83046.9
83056.5
83076.5
83097.7
83109.1
83106.7
83094.9
83081.6
83074.4
83078.3
83094.1
83116.1
83133
83136.8
83127.9
83113.3
83101.1
83097.7
83106.5
83125.1
83144.5
83154
83149.5
83135.6
83120.3
83111
83112.9
83126.8
83146.9
83162
83164.3
83154.3
83138.9
83126.1
83122.4
83131
83149.6
83169.1
83178.7
83174.6
83161.3
83146.6
83138.1
83140.8
83155.3
83175.8
83191.4
83194
83184.3
83169.2
83156.8
83153.3
83162.1
83180.7
83200
83209.4
83205.3
83192
83269.3
83511.5
83837.4
84188.6
84522
84805.2
85020.3
85166.8
85256.1
85304
85326.2
85335.1
85336
85326.4
85300.7
85259.1
85209.6
85162.9
85128.6
85112.5
85115.6
85130.8
85145.8
85150.7
85145.2
85135.2
85128.4
85131
85146
85170.4
85194.7
85207.6
85205.6
85198.3
85189.8
85187
85195.4
85215.9
85242.4
85263.1
85269.6
85262.7
85249.7
85239
85237.6
85248.9
85270.2
85291.8
85302.5
85298.4
85284.4
85269.1
85260.3
85263.7
85279.7
85301.8
85318.2
85332
85429.2
85571.8
85736.4
85908.2
86076.6
86230.6
86356.1
86441.3
86484.7
86495.8
86488.4
86476.1
86469
86471.4
86478.9
86481
85756.6
84702.1
83725.5
83090.2
82915.7
83150.8
83493
83728.2
83834.1
83827
83747.5
83639.3
83539.9
83489.6
83452.9
83424.4
83392.6
83349.8
83299
83250.4
83215.6
83203.7
83222.2
83279.2
83344.8
83397.8
83430.5
83446.5
83454.3
83462
83475.4
83495.3
83515.4
83530
83535.7
83525.5
83504.8
83483.5
83470.9
83472.4
83486.2
83501.5
83505.6
83494.4
83473.8
83454
83444.1
83450.2
83472.1
83501.5
83524.1
83530.1
83520.8
83505.1
83493.2
83492.8
83507.4
83532.6
83556.1
83564.3
83552.9
83528.1
83500
83478.5
83469.7
83474.3
83484
83485.2
83468.7
83436.2
83397.3
83362.6
83340.5
83334.7
83341.7
83349.5
83345.3
83325.1
83295.2
83266
83247.3
83245.1
83259.6
83282.4
83299.6
83301.5
83289.8
83273.2
83261.9
83263.7
83281.9
83312.1
83342.2
83358.9
83358
83345.5
83331.4
83325.1
83332.6
83353.7
83380.3
83398.4
83398.8
83383.1
83360.5
83341.4
83333.9
83341.4
83360.3
83378.5
83383.2
83370.8
83347.5
83323.6
83308.6
83308.5
83323.4
83345
83359.4
83357.5
83341.1
83319
83301.7
83296.8
83307.9
83330.9
83353.8
83363.7
83357.1
83340
83322.6
83314.4
83321.3
83343.2
83371.8
83393.3
83398.6
83389.6
83375.1
83365.3
83367.9
83386.3
83416.1
83445.5
83461.7
83460.8
83449.1
83436.6
83432.6
83442.8
83467
83497
83518.8
83523.8
83513.5
83497
83484.3
83483.3
83497.2
83521.8
83545.3
83555.1
83547.8
83529.4
83510.2
83499.4
83503
83520.6
83544
83559.8
83559
83543.7
83522.7
83506.2
83502
83513.2
83535.5
83557.3
83566
83558.2
83540.1
83521.8
83512.4
83517.6
83537.3
83562.9
83581.1
83583.2
83570.9
83553.2
83540.1
83539.2
83553.5
83578.8
83603.1
83614.1
83608.4
83592.2
83575.4
83567
83572.8
83592.3
83617.2
83633.9
83634.1
83619.6
83599.2
83582.9
83836.8
84241.3
84699.5
85139
85512.5
85800.3
86005.4
86142.1
86228.3
86280.6
86698.6
87249.7
87771
88177.4
88449.1
88357.4
88037.6
87658.2
87315
87044.7
86842.9
86688
86562.8
86461.2
86385
86339.2
86327.5
86348.8
86392.6
86441.9
86483.8
86516.4
86544.6
86574.8
86611.3
86654.2
86696.8
86725.5
86727.8
86702.9
86661.4
86618.6
86587.8
86577.7
86588.7
86611
86628.5
86630.3
86617.6
86599.5
86586.5
86586.4
86602.2
86628.2
86650.6
86655.3
86639.3
86610.2
86580.4
86560.9
86558.5
86572.8
86593.9
86606.2
86600.2
86578
86550
86527.7
86519.9
86529.8
86552.1
86572.9
86578.3
86564.9
86540
86515.5
86502
86506
86526.9
86554.4
86573.4
86574
86558.8
86537.9
86522.9
86522.3
86539.3
86568.3
86595.5
86607
86599.2
86579.3
86559
86548.8
86554.9
86576.8
86604.2
86622
86620.8
86556.2
86366.9
86123.9
85878.6
85662.3
85486.3
85345.1
85226.9
85126.7
85047.5
84995.3
84974.4
84984.9
85020.2
85065.2
85100.4
85113.6
85106.1
85088.1
85071.6
85066.4
85076.7
85097.4
85115.3
85116.5
85098.1
85068
85038.7
85021.3
85022.7
85042.3
85069.7
85089
85090.5
85076.6
85057.8
85045.7
85049
85070.9
85105.2
85137.6
85153.7
85149.7
85133.1
85115.6
85108.2
85117.4
85142.4
85172.6
85192.5
85192.5
85175.4
85151.6
85133
85128.9
85142.2
85167.6
85190.7
85197.8
85185.3
85160.9
85136.5
85122.9
85126.7
85146.9
85173.2
85190
85187.8
85169.4
85145.2
85127.1
85123.9
85138.8
85166
85191.4
85201
85191.5
85170.4
85149.4
85139.3
85146.3
85169.4
85198.2
85217.2
85217
85200.5
85178
85161.2
85159.1
85174.5
85201.9
85227
85236.1
85226.1
85204.4
85182.7
85171.5
85177.2
85198.7
85225.5
85242.2
85239.7
85220.7
85195.7
85176.1
85170.8
85182.9
85206.4
85227.4
85232.3
85218.1
85192.2
85166.2
85150.9
85152.3
85169.5
85191.9
85204.4
85198
85175.6
85147.5
85125.3
85117.7
85127.8
85149.5
85169.1
85173.2
85158.6
85133
85107.8
85093.6
85096.5
85115.2
85139.4
85153.9
85149.8
85130.2
85182.8
85300.5
85455.9
85627.5
85794.5
85934.1
86029.5
86077.9
86090
86082.4
86071
86067.2
86074.1
86084.2
86084.5
86067.2
86036.1
86002.3
85977.6
85970.6
85983.8
86010.4
86035.4
86044.6
86034.4
86012
85989.4
85977.1
85981.8
86002.1
86027.5
86042.5
86038.1
86017.5
85991.2
85971.2
85966.6
85980.1
86005.8
86029.3
86036.9
86025.5
86002.7
85980.2
85968.8
85974.8
85996.7
86023.9
86040.9
86038.7
86020.3
85996.4
85978.6
85975.9
85991.2
86018.4
86043.2
86052.2
86042.4
86021.4
86001
85991.7
85999.8
86023.8
86052.9
86071.7
86071.3
86054.7
86032.2
86015.5
86013.4
86028.5
86054.8
86078.1
86085
86072.9
86049.2
86025.8
86013.2
86017.8
-nan
