
Primal Residual: 
2.31646
2.11583
2.01975
1.99962
2.01854
2.05368
2.09731
2.14761
2.20385
2.26636
2.33646
2.41519
2.50224
2.5961
2.69487
2.79721
2.90306
3.01452
3.13774
3.28632
3.48531
3.77212
4.1894
4.77045
5.52702
6.45075
7.52957
8.77224
10.2315
12.0134
14.2604
17.1093
20.6487
24.9029
29.8472
35.4735
41.9375
49.528
58.8099
70.5584
85.5592
104.354
127.12
153.8
184.44
219.79
261.85
313.998
380.34
464.47
568.685
694.256
842.862
1018.8
1230.6
1490.7
1813.21
2210.51
2692.08
3267.4
3953.26
4783.2
5806.25
7086.38
8682.41
10637.1
12980.1
15749.4
19021.9
22949.7
27820.8
33982
41801.6
51552.1
63360.9
77311
93603.2
112855
136442
166461
205344
255143
316849
390482
475970
574971
693243
842257
1.03803e+06
1.29631e+06
1.62673e+06
2.03018e+06
2.50205e+06
3.04157e+06
3.66679e+06
4.43059e+06
5.42515e+06
6.7607e+06
8.52357e+06
1.07434e+07
1.33945e+07
1.64372e+07
1.98974e+07
2.39736e+07
2.91201e+07
3.60032e+07
4.528e+07
5.73266e+07
7.2125e+07
8.93993e+07
1.08994e+08
1.31472e+08
1.58772e+08
1.94427e+08
2.42735e+08
3.07054e+08
3.88473e+08
4.85864e+08
5.97472e+08
7.23928e+08
8.7231e+08
1.05934e+09
1.30986e+09
1.64852e+09
2.08941e+09
2.63179e+09
3.26515e+09
3.98321e+09
4.80601e+09
5.8041e+09
7.10678e+09
8.8717e+09
1.12223e+10
1.41989e+10
1.77603e+10
2.18424e+10
2.64682e+10
3.18955e+10
3.87327e+10
4.78831e+10
6.02426e+10
7.63243e+10
9.61027e+10
1.19199e+11
1.4539e+11
1.75413e+11
2.11833e+11
2.59341e+11
3.23646e+11
4.09214e+11
5.17497e+11
6.47014e+11
7.95464e+11
9.63729e+11
1.16121e+12
1.41e+12
1.7428e+12
2.19197e+12
2.77599e+12
3.49387e+12
4.33192e+12
5.28229e+12
6.37194e+12
7.69425e+12
9.41924e+12
1.17533e+13
1.48574e+13
1.87832e+13
2.3477e+13
2.88556e+13
3.49527e+13
4.21112e+13
5.11329e+13
6.3202e+13
7.94866e+13
1.0065e+14
1.26652e+14
1.56997e+14
1.91407e+14
2.30869e+14
2.78781e+14
3.41307e+14
4.25908e+14
5.38379e+14
6.80564e+14
8.50492e+14
1.04518e+15
1.2659e+15
1.52517e+15
1.85209e+15
2.28954e+15
2.87965e+15
3.64623e+15
4.58766e+15
5.68602e+15
6.93148e+15
8.36037e+15
1.00963e+16
1.23626e+16
1.54289e+16
1.95037e+16
2.46526e+16
3.08038e+16
3.78503e+16
4.58409e+16
5.52322e+16
6.70814e+16
8.29391e+16
1.04324e+17
1.32091e+17
1.66175e+17
2.0593e+17
2.51011e+17
3.02756e+17
3.6566e+17
4.47819e+17
5.58966e+17
7.06602e+17
8.93055e+17
1.11572e+18
1.37076e+18
1.66005e+18
2.00026e+18
2.42977e+18
3.00466e+18
3.77968e+18
4.78542e+18
6.01941e+18
7.45833e+18
9.09016e+18
1.09641e+19
1.32437e+19
1.62222e+19
2.02511e+19
2.56002e+19
3.23521e+19
4.0412e+19
4.96432e+19
6.01168e+19
7.24419e+19
8.80112e+19
1.08853e+20
1.36941e+20
1.7337e+20
2.18046e+20
2.70128e+20
3.29198e+20
3.97063e+20
4.79677e+20
5.87664e+20
7.33709e+20
9.27514e+20
1.17202e+21
1.46378e+21
1.79791e+21
2.17712e+21
2.62365e+21
3.18805e+21
3.94367e+21
4.9616e+21
6.28114e+21
7.89864e+21
9.7838e+21
1.19221e+22
1.43801e+22
1.73742e+22
2.12894e+22
2.65835e+22
3.36054e+22
4.24595e+22
5.30212e+22
6.51156e+22
7.88462e+22
9.50246e+22
1.15485e+23
1.42881e+23
1.79772e+23
2.27569e+23
2.86131e+23
3.54368e+23
4.31778e+23
5.20804e+23
6.29323e+23
7.71274e+23
9.63187e+23
1.21761e+24
1.53824e+24
1.92058e+24
2.35836e+24
2.85554e+24
3.44172e+24
4.18349e+24
5.17672e+24
6.51375e+24
8.24505e+24
1.03653e+25
1.28353e+25
1.56377e+25
1.88623e+25
2.27955e+25
2.79423e+25
3.48992e+25
4.41173e+25
5.57285e+25
6.95692e+25
8.54163e+25
1.03419e+26
1.24659e+26
1.5155e+26
1.87561e+26
2.36017e+26
2.98728e+26
3.75495e+26
4.64904e+26
5.66358e+26
6.83156e+26
8.25717e+26
1.01232e+27
1.26452e+27
1.59851e+27
2.01898e+27
2.52002e+27
3.09367e+27
3.74556e+27
4.51515e+27
5.49008e+27
6.79569e+27
8.55183e+27
1.08234e+28
1.36027e+28
1.68392e+28
2.05121e+28
2.47428e+28
2.991e+28
3.6676e+28
4.5818e+28
5.79191e+28
7.31459e+28
9.12838e+28
1.12049e+29
1.35655e+29
1.63541e+29
1.98886e+29
2.46222e+29
3.09868e+29
3.92147e+29
4.92777e+29
6.09931e+29
7.42904e+29
8.9615e+29
1.08344e+30
1.32876e+30
1.66016e+30
2.0986e+30
2.65001e+30
3.30662e+30
4.05831e+30
4.91313e+30
5.92358e+30
7.20501e+30
8.92123e+30
1.12278e+31
1.42081e+31
1.78515e+31
2.20923e+31
2.69065e+31
3.24575e+31
3.92464e+31
4.81411e+31
6.01543e+31
7.60398e+31
9.60078e+31
1.19778e+32
1.46989e+32
1.77944e+32
2.14558e+32
2.61016e+32
3.2324e+32
4.06834e+32
5.14785e+32
6.46696e+32
8.00209e+32
9.74504e+32
1.17558e+33
1.42166e+33
1.74417e+33
2.17964e+33
2.75519e+33
3.47829e+33
4.33878e+33
5.32383e+33
6.4448e+33
7.77157e+33
9.45593e+33
1.17119e+34
1.47414e+34
1.86516e+34
2.34275e+34
2.89846e+34
3.52949e+34
4.25789e+34
5.14986e+34
6.31921e+34
7.8978e+34
9.98308e+34
1.26016e+35
1.57167e+35
1.92826e+35
2.3342e+35
2.81498e+35
3.42566e+35
4.24358e+35
5.3415e+35
6.75781e+35
8.48699e+35
1.04986e+36
1.27833e+36
1.54219e+36
1.86551e+36
2.2895e+36
2.86173e+36
3.61725e+36
4.56549e+36
5.69319e+36
6.98407e+36
8.45416e+36
1.01964e+37
1.24104e+37
1.53759e+37
1.93548e+37
2.44849e+37
3.07455e+37
3.80274e+37
4.62994e+37
5.58579e+37
6.75779e+37
8.29508e+37
1.03694e+38
1.31067e+38
1.65405e+38
2.06229e+38
2.52961e+38
3.062e+38
3.69334e+38
4.49606e+38
5.57121e+38
7.0132e+38
8.87136e+38
1.11381e+39
1.37741e+39
1.67691e+39
2.02318e+39
2.44801e+39
3.00541e+39
3.75733e+39
4.74907e+39
5.99255e+39
7.47044e+39
9.16219e+39
1.10903e+40
1.33782e+40
1.62885e+40
2.01865e+40
2.54124e+40
3.21428e+40
4.03496e+40
4.9892e+40
6.07359e+40
7.32801e+40
8.86801e+40
1.08891e+41
1.36147e+41
1.72078e+41
2.17108e+41
2.7061e+41
3.31854e+41
4.0168e+41
4.84591e+41
5.90111e+41
7.31436e+41
9.2082e+41
1.1646e+42
1.46174e+42
1.80717e+42
2.1998e+42
2.65424e+42
3.21249e+42
3.94529e+42
4.93331e+42
6.2351e+42
7.86573e+42
9.80259e+42
1.20198e+43
1.45486e+43
1.75533e+43
2.13791e+43
2.65029e+43
3.33662e+43
4.21961e+43
5.29542e+43
6.54592e+43
7.96755e+43
9.61388e+43
1.16375e+44
1.42946e+44
1.7876e+44
2.25924e+44
2.84973e+44
3.55091e+44
4.35359e+44
5.26946e+44
6.35835e+44
7.74546e+44
9.60314e+44
1.20904e+45
1.52886e+45
1.91837e+45
2.37106e+45
2.88581e+45
3.48225e+45
4.21583e+45
5.17924e+45
6.47747e+45
8.1862e+45
1.03245e+46
1.28629e+46
1.57689e+46
1.90859e+46
2.30321e+46
2.80614e+46
3.47965e+46
4.38101e+46
5.53942e+46
6.94967e+46
8.58845e+46
1.04523e+47
1.26131e+47
1.52724e+47
1.87656e+47
2.34715e+47
2.96622e+47
3.74055e+47
4.65951e+47
5.71156e+47
6.91292e+47
8.34306e+47
1.01666e+48
1.26084e+48
1.58749e+48
2.00707e+48
2.51766e+48
3.11092e+48
3.7858e+48
4.56867e+48
5.5327e+48
6.7993e+48
8.5051e+48
1.0748e+49
1.35519e+49
1.68788e+49
2.06876e+49
2.50388e+49
3.02218e+49
3.68334e+49
4.56864e+49
5.75238e+49
7.2721e+49
9.12076e+49
1.12685e+50
1.37122e+50
1.65485e+50
2.00433e+50
2.46358e+50
3.08191e+50
3.89448e+50
4.90986e+50
6.11426e+50
7.49321e+50
9.06917e+50
1.09476e+51
1.33448e+51
1.65545e+51
2.08442e+51
2.63487e+51
3.30419e+51
4.0817e+51
4.96658e+51
5.9942e+51
7.26113e+51
8.92633e+51
1.11676e+52
1.41115e+52
1.77884e+52
2.21487e+52
2.71411e+52
3.28491e+52
3.96571e+52
4.83489e+52
5.99856e+52
7.55312e+52
9.54681e+52
1.19702e+53
1.47849e+53
1.79891e+53
2.17123e+53
2.63053e+53
3.23431e+53
4.04674e+53
5.11327e+53
6.44476e+53
8.02329e+53
9.83078e+53
1.18983e+54
1.43657e+54
1.75172e+54
2.17361e+54
2.73696e+54
3.45907e+54
4.33648e+54
5.35548e+54
6.51577e+54
7.86474e+54
9.52982e+54
1.17191e+55
1.46639e+55
1.85279e+55
2.33494e+55
2.90642e+55
3.56083e+55
4.30968e+55
5.20396e+55
6.34664e+55
7.87621e+55
9.9177e+55
1.25332e+56
1.57099e+56
1.9399e+56
2.36006e+56
2.84882e+56
3.45247e+56
4.24627e+56
5.31371e+56
6.71356e+56
8.45954e+56
1.05285e+57
1.28978e+57
1.56102e+57
1.88515e+57
2.29947e+57
2.85401e+57
3.59381e+57
4.54112e+57
5.69131e+57
7.02685e+57
8.54835e+57
1.03193e+58
1.25077e+58
1.5386e+58
1.92552e+58
2.43266e+58
3.06491e+58
3.81393e+58
4.67177e+58
5.65427e+58
6.82903e+58
8.33132e+58
1.03418e+59
1.30227e+59
1.64538e+59
2.06182e+59
2.54533e+59
3.09631e+59
3.73798e+59
4.53136e+59
5.575e+59
6.97748e+59
8.81477e+59
1.11043e+60
1.3816e+60
1.69219e+60
2.04808e+60
2.47387e+60
3.01858e+60
3.74748e+60
4.71898e+60
5.9617e+60
7.46949e+60
9.21996e+60
1.12152e+61
1.35403e+61
1.64166e+61
2.02007e+61
2.52843e+61
3.19405e+61
4.02312e+61
5.00485e+61
6.12942e+61
7.41854e+61
8.96185e+61
1.09369e+62
1.35795e+62
1.71e+62
2.1601e+62
2.70602e+62
3.33976e+62
4.06232e+62
4.90478e+62
5.9476e+62
7.31969e+62
9.16234e+62
1.15737e+63
1.4576e+63
1.81302e+63
2.22019e+63
2.68716e+63
3.24655e+63
3.9627e+63
4.92077e+63
6.1965e+63
7.82673e+63
9.80331e+63
1.20977e+64
1.47144e+64
1.77671e+64
2.15478e+64
2.65229e+64
3.32019e+64
4.19378e+64
5.28094e+64
6.56771e+64
8.042e+64
9.73354e+64
1.17611e+65
1.43579e+65
1.78313e+65
2.24542e+65
2.83587e+65
3.55153e+65
4.38219e+65
5.32982e+65
6.43598e+65
7.80669e+65
9.61063e+65
1.20315e+66
1.51964e+66
1.91332e+66
2.37918e+66
2.91299e+66
3.52575e+66
4.26068e+66
5.20226e+66
6.46153e+66
8.13674e+66
1.02753e+67
1.28664e+67
1.58738e+67
1.93057e+67
2.3314e+67
2.82836e+67
3.48245e+67
4.35995e+67
5.50649e+67
6.93207e+67
8.61869e+67
1.05516e+68
1.27713e+68
1.54352e+68
1.88494e+68
2.34148e+68
2.94852e+68
3.72308e+68
4.66125e+68
5.75008e+68
6.99296e+68
8.44543e+68
1.02472e+69
1.26189e+69
1.57995e+69
1.99531e+69
2.51154e+69
3.12217e+69
3.82204e+69
4.62615e+69
5.59178e+69
6.82975e+69
8.48489e+69
1.06846e+70
1.349e+70
1.68868e+70
2.08289e+70
2.53302e+70
3.05936e+70
3.71261e+70
4.57257e+70
5.72541e+70
7.23015e+70
9.0995e+70
1.13103e+71
1.38445e+71
1.67575e+71
2.02577e+71
2.47466e+71
3.07472e+71
3.87183e+71
4.88789e+71
6.11778e+71
7.54505e+71
9.17526e+71
1.10826e+72
1.34511e+72
1.65692e+72
2.07478e+72
2.6199e+72
3.29683e+72
4.09724e+72
5.01486e+72
6.07015e+72
7.33894e+72
8.96663e+72
1.11421e+73
1.40306e+73
1.77106e+73
2.21636e+73
2.73312e+73
3.32354e+73
4.01472e+73
4.87345e+73
6.00408e+73
7.51864e+73
9.49346e+73
1.19447e+74
1.48426e+74
1.81653e+74
2.19884e+74
2.65876e+74
3.24897e+74
4.03766e+74
5.08434e+74
6.41717e+74
8.0295e+74
9.90048e+74
1.20388e+75
1.45436e+75
1.76572e+75
2.17567e+75
2.72464e+75
3.44005e+75
4.32768e+75
5.37688e+75
6.58006e+75
7.96508e+75
9.63229e+75
1.17724e+76
1.46317e+76
1.84245e+76
2.32518e+76
2.90896e+76
3.58638e+76
4.36085e+76
5.26858e+76
6.39746e+76
7.88393e+76
9.87368e+76
1.24654e+77
1.56797e+77
1.94783e+77
2.38352e+77
2.88529e+77
3.48965e+77
4.26569e+77
5.30229e+77
6.67662e+77
8.425e+77
1.05387e+78
1.29914e+78
1.57965e+78
1.90861e+78
2.31792e+78
2.8569e+78
3.57809e+78
4.51697e+78
5.68092e+78
7.05625e+78
8.63394e+78
1.04518e+79
1.26427e+79
1.54566e+79
1.92147e+79
2.41947e+79
3.0527e+79
3.81802e+79
4.70608e+79
5.72206e+79
6.91422e+79
8.39829e+79
1.03526e+80
1.29666e+80
1.63678e+80
2.05826e+80
2.55622e+80
3.12753e+80
3.78614e+80
4.58035e+80
5.60073e+80
6.96315e+80
8.76768e+80
1.10611e+81
1.38321e+81
1.70476e+81
2.07275e+81
2.5048e+81
3.0429e+81
3.75152e+81
4.69895e+81
5.93109e+81
7.45736e+81
9.26025e+81
1.13291e+82
1.37153e+82
1.65944e+82
2.02944e+82
2.52336e+82
3.17725e+82
4.00788e+82
5.01121e+82
6.17546e+82
7.50832e+82
9.07414e+82
1.10252e+83
1.35946e+83
1.70286e+83
2.14921e+83
2.7019e+83
3.35466e+83
4.10386e+83
4.96838e+83
6.01211e+83
7.35379e+83
9.14443e+83
1.15138e+84
1.45222e+84
1.8155e+84
2.23705e+84
2.71983e+84
3.28732e+84
3.99476e+84
4.9264e+84
6.17103e+84
7.788e+84
9.78937e+84
1.21528e+85
1.48659e+85
1.79982e+85
2.17819e+85
2.66471e+85
3.31387e+85
4.17241e+85
5.26199e+85
6.57735e+85
8.10374e+85
9.85243e+85
1.19091e+86
1.44743e+86
1.78523e+86
2.23634e+86
2.8221e+86
3.54684e+86
4.40256e+86
5.38507e+86
6.51996e+86
7.89167e+86
9.65584e+86
1.20093e+87
1.51202e+87
1.90664e+87
2.38291e+87
2.9356e+87
3.56901e+87
4.31442e+87
5.24452e+87
6.46939e+87
8.10441e+87
1.02264e+88
1.28507e+88
1.59491e+88
1.95072e+88
2.36191e+88
2.8592e+88
3.49892e+88
4.3521e+88
5.47933e+88
6.90856e+88
8.63304e+88
1.06343e+89
1.29287e+89
1.56303e+89
1.90028e+89
2.34441e+89
2.93701e+89
3.7057e+89
4.65604e+89
5.77786e+89
7.06641e+89
8.5563e+89
1.03591e+90
1.26789e+90
1.57719e+90
1.98564e+90
2.50327e+90
3.12768e+90
3.85232e+90
4.68341e+90
5.6626e+90
6.88548e+90
8.49584e+90
1.06437e+91
1.34283e+91
1.68696e+91
2.09315e+91
2.5598e+91
3.09964e+91
3.75324e+91
4.59442e+91
5.71572e+91
7.19571e+91
9.07046e+91
1.13313e+92
1.39553e+92
1.69658e+92
2.05148e+92
2.4949e+92
3.0788e+92
3.85726e+92
4.86599e+92
6.11217e+92
7.58288e+92
9.27288e+92
1.12289e+93
1.35985e+93
1.66488e+93
2.07138e+93
2.60765e+93
3.28664e+93
4.10526e+93
5.0554e+93
6.14593e+93
7.43229e+93
9.04014e+93
1.11573e+94
1.39787e+94
1.76329e+94
2.21455e+94
2.74707e+94
3.35912e+94
4.06789e+94
4.92697e+94
6.03307e+94
7.50674e+94
9.44985e+94
1.1909e+95
1.48731e+95
1.83136e+95
2.2264e+95
2.69265e+95
3.27567e+95
4.04334e+95
5.06592e+95
6.38965e+95
8.02376e+95
9.95191e+95
1.21686e+96
1.47368e+96
1.78514e+96
2.18624e+96
2.72047e+96
3.42454e+96
4.31518e+96
5.38846e+96
6.63431e+96
8.06534e+96
9.75531e+96
1.18694e+97
1.46529e+97
1.83591e+97
2.31543e+97
2.90717e+97
3.60533e+97
4.40813e+97
5.33875e+97
6.46796e+97
7.92243e+97
9.85916e+97
1.24103e+98
1.56359e+98
1.95222e+98
2.40336e+98
2.92176e+98
3.53432e+98
4.30091e+98
5.31018e+98
6.65342e+98
8.39048e+98
1.05333e+99
1.30612e+99
1.59688e+99
1.9341e+99
2.34351e+99
2.87093e+99
3.57303e+99
4.4974e+99
5.66565e+99
7.07282e+99
8.70648e+99
1.05845e+100
1.28048e+100
1.55846e+100
1.92441e+100
2.41124e+100
3.04049e+100
3.81645e+100
4.73179e+100
5.78484e+100
7.00682e+100
8.49118e+100
1.04037e+101
1.2949e+101
1.62983e+101
2.05294e+101
2.56247e+101
3.15405e+101
3.83438e+101
4.6392e+101
5.6472e+101
6.97409e+101
8.73852e+101
1.10179e+102
1.38279e+102
1.71423e+102
2.09562e+102
2.53844e+102
3.07661e+102
3.77016e+102
4.69287e+102
5.90643e+102
7.43883e+102
9.28379e+102
1.14261e+103
1.38907e+103
1.6808e+103
2.04632e+103
2.52744e+103
3.16692e+103
3.99263e+103
5.01016e+103
6.2103e+103
7.59167e+103
9.19634e+103
1.11476e+104
1.36626e+104
1.70075e+104
2.14047e+104
2.69546e+104
3.36352e+104
4.1393e+104
5.03218e+104
6.08967e+104
7.41512e+104
9.15959e+104
1.14772e+105
1.44683e+105
1.8153e+105
2.24987e+105
2.7502e+105
3.3317e+105
4.03918e+105
4.95118e+105
6.16378e+105
7.757e+105
9.76703e+105
1.2186e+106
1.49954e+106
1.82302e+106
2.20635e+106
2.68699e+106
3.31951e+106
4.15948e+106
5.24298e+106
6.57731e+106
8.15088e+106
9.96305e+106
1.20704e+107
1.46355e+107
1.79427e+107
2.23385e+107
2.81112e+107
3.5391e+107
4.41503e+107
5.4324e+107
6.60432e+107
7.99387e+107
9.7368e+107
1.20302e+108
1.50745e+108
1.89994e+108
2.38313e+108
2.95293e+108
3.6093e+108
4.37298e+108
5.30305e+108
6.50232e+108
8.09588e+108
1.01875e+109
1.2824e+109
1.59958e+109
1.96801e+109
2.39259e+109
2.8963e+109
3.52833e+109
4.35991e+109
5.4632e+109
6.88498e+109
8.63473e+109
1.0698e+110
1.30754e+110
1.5843e+110
1.92153e+110
2.35642e+110
2.9341e+110
3.69195e+110
4.64684e+110
5.79533e+110
7.12959e+110
8.66784e+110
1.04938e+111
1.27858e+111
1.58009e+111
1.97995e+111
2.49497e+111
3.1286e+111
3.87574e+111
4.73687e+111
5.73985e+111
6.9626e+111
8.53964e+111
1.06338e+112
1.33797e+112
1.6838e+112
2.09967e+112
2.58287e+112
3.14019e+112
3.80212e+112
4.63325e+112
5.72651e+112
7.17567e+112
9.04129e+112
1.13358e+113
1.40413e+113
1.71605e+113
2.07954e+113
2.52289e+113
3.09478e+113
3.85393e+113
4.84883e+113
6.10134e+113
7.60724e+113
9.35717e+113
1.13764e+114
1.3776e+114
1.67899e+114
2.07539e+114
2.60059e+114
3.27639e+114
4.1073e+114
5.087e+114
6.21683e+114
7.53418e+114
9.14177e+114
1.12156e+115
1.39676e+115
1.75723e+115
2.21086e+115
2.75616e+115
3.3899e+115
4.12149e+115
4.99139e+115
6.08436e+115
7.52164e+115
9.42504e+115
1.18731e+116
1.4882e+116
1.84297e+116
2.25222e+116
2.72966e+116
3.31256e+116
4.0646e+116
5.06222e+116
6.3683e+116
8.01119e+116
9.98578e+116
1.2281e+117
1.49316e+117
1.80852e+117
2.20487e+117
2.72601e+117
3.41583e+117
4.30259e+117
5.39222e+117
6.67691e+117
8.15936e+117
9.88971e+117
1.20033e+118
1.47304e+118
1.83469e+118
2.30791e+118
2.90292e+118
3.61794e+118
4.44917e+118
5.40958e+118
6.55284e+118
7.99017e+118
9.87971e+118
1.23797e+119
1.55919e+119
1.95378e+119
2.419e+119
2.95599e+119
3.58312e+119
4.34953e+119
5.33847e+119
6.64944e+119
8.36401e+119
1.0519e+120
1.31081e+120
1.61186e+120
1.95985e+120
2.37431e+120
2.89555e+120
3.58066e+120
4.48669e+120
5.65026e+120
7.07918e+120
8.76387e+120
1.07091e+121
1.2982e+121
1.57611e+121
1.93473e+121
2.40996e+121
3.03118e+121
3.81164e+121
4.74923e+121
5.83954e+121
7.10042e+121
8.60301e+121
1.04932e+122
1.29773e+122
1.62609e+122
2.04757e+122
2.56503e+122
3.17511e+122
3.87975e+122
4.70357e+122
5.71128e+122
7.01176e+122
8.73448e+122
1.09853e+123
1.38119e+123
1.7207e+123
2.11559e+123
2.57246e+123
3.11721e+123
3.80269e+123
4.70337e+123
5.89336e+123
7.42013e+123
9.294e+123
1.15033e+124
1.40559e+124
1.70418e+124
2.06959e+124
2.54118e+124
3.16567e+124
3.98116e+124
5.00488e+124
6.23434e+124
7.66454e+124
9.31999e+124
1.12949e+125
1.37808e+125
1.70465e+125
2.13591e+125
2.68896e+125
3.36755e+125
4.16762e+125
5.09231e+125
6.17455e+125
7.49959e+125
9.20975e+125
1.14735e+126
1.44282e+126
1.81358e+126
2.25879e+126
2.77679e+126
3.37664e+126
4.09266e+126
4.99416e+126
6.17824e+126
7.74114e+126
9.74447e+126
1.22019e+127
1.50993e+127
1.8449e+127
2.23717e+127
2.71766e+127
3.33782e+127
4.15843e+127
5.22893e+127
6.57173e+127
8.18396e+127
1.00601e+128
1.22337e+128
1.48297e+128
1.80989e+128
2.23921e+128
2.80562e+128
3.53129e+128
4.4212e+128
5.47047e+128
6.68398e+128
8.10579e+128
9.84814e+128
1.20971e+129
1.50717e+129
1.89503e+129
2.38136e+129
2.96519e+129
3.64471e+129
4.43234e+129
5.37352e+129
6.55913e+129
8.11576e+129
1.01684e+130
1.2797e+130
1.60197e+130
1.98196e+130
2.42158e+130
2.93694e+130
3.56876e+130
4.38429e+130
5.4626e+130
6.86785e+130
8.62919e+130
1.07434e+131
1.32046e+131
1.60587e+131
1.94711e+131
2.37707e+131
2.94147e+131
3.68536e+131
4.63752e+131
5.80458e+131
7.18072e+131
8.77335e+131
1.06414e+132
1.29325e+132
1.58899e+132
1.97988e+132
2.48901e+132
3.12692e+132
3.89254e+132
4.78399e+132
5.81825e+132
7.05546e+132
8.61474e+132
1.06611e+133
1.3357e+133
1.6806e+133
2.10324e+133
2.60161e+133
3.17859e+133
3.8557e+133
4.68655e+133
5.75901e+133
7.17592e+133
9.02056e+133
1.13309e+134
1.41035e+134
1.73323e+134
2.10803e+134
2.5566e+134
3.12208e+134
3.86405e+134
4.84102e+134
6.09037e+134
7.62091e+134
9.42579e+134
1.15161e+135
1.39705e+135
1.69835e+135
2.08726e+135
2.60088e+135
3.2692e+135
4.10594e+135
5.10998e+135
6.27952e+135
7.63771e+135
9.26412e+135
1.13149e+136
1.40051e+136
1.75456e+136
2.20711e+136
2.76138e+136
3.41504e+136
4.17233e+136
5.06203e+136
6.15464e+136
7.56495e+136
9.42678e+136
1.18482e+137
1.48786e+137
1.85146e+137
2.27509e+137
2.76728e+137
3.35698e+137
4.1007e+137
5.07609e+137
6.35916e+137
7.99844e+137
1.00057e+138
1.2373e+138
1.51166e+138
1.83417e+138
2.23039e+138
2.74182e+138
3.41671e+138
4.294e+138
5.39155e+138
6.70829e+138
8.24274e+138
1.00264e+139
1.21645e+139
1.48617e+139
1.83982e+139
2.3048e+139
2.89859e+139
3.62551e+139
4.48287e+139
5.47689e+139
6.64596e+139
8.08284e+139
9.93746e+139
1.23839e+140
1.55623e+140
1.95373e+140
2.43058e+140
2.98639e+140
3.63279e+140
4.40805e+140
5.38622e+140
6.66846e+140
8.3535e+140
1.05044e+141
1.31369e+141
1.6242e+141
1.98434e+141
2.40813e+141
2.9292e+141
3.60175e+141
4.48854e+141
5.6401e+141
7.07976e+141
8.80664e+141
1.08199e+142
1.31625e+142
1.59735e+142
1.9521e+142
2.417e+142
3.02764e+142
3.80676e+142
4.76011e+142
5.88469e+142
7.18951e+142
8.72577e+142
1.06154e+143
1.30543e+143
1.62688e+143
2.04409e+143
2.5655e+143
3.19089e+143
3.92017e+143
4.76913e+143
5.78839e+143
7.07492e+143
8.76052e+143
1.09734e+144
1.37956e+144
1.72481e+144
2.13211e+144
2.60487e+144
3.16178e+144
3.84707e+144
4.7315e+144
5.89669e+144
7.40826e+144
9.29667e+144
1.15615e+145
1.42032e+145
1.728e+145
2.09758e+145
2.56416e+145
3.17531e+145
3.97725e+145
4.99952e+145
6.24984e+145
7.725e+145
9.43789e+145
1.14568e+146
1.3942e+146
1.71492e+146
2.13729e+146
2.68493e+146
3.36887e+146
4.18908e+146
5.14602e+146
6.26109e+146
7.60119e+146
9.29331e+146
1.15092e+147
1.44153e+147
1.81182e+147
2.26463e+147
2.79891e+147
3.41953e+147
4.15141e+147
5.05269e+147
6.21575e+147
7.74674e+147
9.73084e+147
1.22079e+148
1.51783e+148
1.86448e+148
2.26861e+148
2.75454e+148
3.36821e+148
4.17161e+148
5.22475e+148
6.56606e+148
8.20591e+148
1.0141e+149
1.23897e+149
1.50429e+149
1.83115e+149
2.25292e+149
2.80787e+149
3.52671e+149
4.42385e+149
5.49961e+149
6.75533e+149
8.22001e+149
9.98202e+149
1.22076e+150
1.51205e+150
1.89369e+150
2.37955e+150
2.97343e+150
3.6743e+150
4.48908e+150
5.45096e+150
6.63633e+150
8.16581e+150
1.01774e+151
1.27817e+151
1.6031e+151
1.99269e+151
2.44758e+151
2.97843e+151
3.61736e+151
4.42452e+151
5.48062e+151
6.86364e+151
8.62355e+151
1.07743e+152
1.33128e+152
1.62651e+152
1.97522e+152
2.40511e+152
2.95975e+152
3.68891e+152
4.63245e+152
5.80926e+152
7.22023e+152
8.8681e+152
1.07921e+153
1.3109e+153
1.60363e+153
1.98653e+153
2.48772e+153
3.1252e+153
3.90412e+153
4.82357e+153
5.8933e+153
7.15752e+153
8.71658e+153
1.07279e+154
1.33709e+154
inf
inf
