
Dual Residual: 
1
17792.5
7694.8
8073.59
2013.57
7.61209
2.23929
2.30566
2.66277
1.4513
0.157468
0.631123
0.677797
0.376285
0.0499919
0.150076
0.180454
0.114497
0.0290697
0.0315109
0.0480666
0.0357494
0.0134484
0.00518427
0.0123913
0.010995
0.00541374
0.000508628
0.00300721
0.00328295
0.00198979
0.000409649
0.000657277
0.000943372
0.000684246
0.000238063
0.000115312
0.000258483
0.000222961
0.0001041
8.19412e-06
6.65751e-05
6.93928e-05
144.919
239.841
259.471
216.338
134.29
40.6584
41.4982
95.4193
115.804
105.553
73.8786
32.8215
7.86098
35.9124
50.2907
50.2357
39.0031
21.7335
5.09858
12.4702
21.0029
23.137
19.7322
12.9083
5.70981
5.26984
9.23639
11.068
10.3884
7.98418
5.22456
4.09002
4.98881
5.88003
5.93636
5.29564
4.48666
4.09024
4.22741
4.50862
4.61119
4.48976
4.27345
4.11809
4.08487
4.12308
4.15457
4.1457
4.11241
4.08689
4.08536
4.10017
4.11385
4.11561
4.10663
4.09471
4.09355
3.61568
2.86997
1.91119
0.857903
0.220228
1.1023
1.80244
2.24507
2.40939
2.30677
1.97555
1.47393
0.87181
0.242857
0.349314
0.841162
1.19541
1.38929
1.41927
1.29917
1.05693
0.730266
0.361797
0.0114739
0.33547
0.595693
0.767256
0.841527
0.820886
0.717311
0.550137
0.343288
0.122324
0.0884801
0.268191
0.401505
0.479405
0.499563
0.465875
0.387412
0.276942
0.149227
0.0192996
0.0991964
0.195118
0.260886
0.292811
0.29109
0.259389
0.204096
0.133387
0.0561825
0.0188461
0.0841461
0.133963
0.164739
0.175257
0.166527
0.141447
0.104309
0.0602116
0.0144443
0.0280779
0.0632849
0.0882869
0.101551
0.102918
0.0934802
0.0753344
0.0512632
0.0243746
0.00225352
0.0258889
0.0443931
0.0563803
0.0612838
0.0593295
0.0514304
0.039021
0.0238544
0.0077876
0.00742135
0.0202855
0.029715
0.0350887
0.0362699
0.0335708
0.027673
0.0195191
0.0101875
0.000767324
0.00775637
0.0145932
0.0192097
0.0213575
0.0210699
0.0186289
0.0145107
0.00931572
0.00369376
0.00172841
0.0064097
0.00994182
0.0120779
0.0127412
0.0120157
0.0101203
0.00737277
0.004146
0.000823978
0.00223921
0.00475301
0.00651388
0.00741738
0.00745874
0.006723
0.00536691
0.00359525
0.00163464
0.000292192
0.00198911
0.00330411
0.00414051
0.00446125
0.00428651
0.00368575
0.00276534
0.00165378
0.000486034
0.000611076
0.0015312
0.00219733
0.00256678
0.002632
0.00241775
