
Objective value: 
300000
170358
34139.3
1.50051e-09
1.38652e-08
1.18893e-08
1.01057e-08
8.52775e-09
7.17621e-09
6.07136e-09
5.231e-09
4.67205e-09
4.41252e-09
4.47245e-11
3.51778e-09
9.86484e-09
1.73337e-08
2.63456e-08
3.73732e-08
5.09922e-08
6.79814e-08
8.9494e-08
1.17335e-07
1.54401e-07
2.05342e-07
2.77544e-07
3.82522e-07
5.37857e-07
7.69826e-09
1.11708e-08
1.6364e-08
2.41442e-08
3.59896e-08
5.49558e-08
8.86659e-08
1.57889e-07
3.183e-07
7.10645e-07
1.84781e-06
7.04701e-06
8.50643e-07
2.01192e-05
2417.09
6446.5
10806.7
14436.7
16681.2
17343.7
16627.3
14999.5
13027.5
11228.6
9964.59
9395.6
9489.31
10071.6
10897.6
11722.6
12357.3
12697.8
12729.7
12511.3
12144.1
11740.3
11395.1
11168.9
11081.9
11118.5
11238.6
11392.6
11534.1
11630.2
11665.6
11642
11574
11483
11390.7
11314.2
11263.2
11239.5
11238.3
11251
11267.5
11279.4
11281
11270.5
11248.8
11219.5
11187
11155.3
11127.4
11104.8
11087.5
11074.1
11063
11052.1
11039.9
11025.4
11008.6
10989.7
10973.9
10962.2
10955.8
10954.9
10959.3
10968.1
10979.6
10992.2
11004.3
11014.6
11022
11026.1
11026.9
11024.7
11020.1
11014
11007.2
11000.5
10994.5
10989.7
10986.6
10985.1
10985.3
10987
10989.7
10993.2
10997.1
11000.8
11004.1
11006.7
11008.3
11008.9
11008.5
11007.3
11005.4
11003.2
11000.9
10998.7
10996.8
10995.5
10994.8
10994.7
10995.2
10996.1
10997.3
10998.7
11000.1
11001.3
11002.3
11002.9
11003.1
11003.1
11002.7
11002
11001.2
11000.4
10999.6
10999
10998.5
10998.2
10998.1
10998.3
10998.6
10999
10999.5
10999.9
11000.4
11000.7
11001
11001.1
11001.1
11001
11000.8
11000.5
11000.2
10999.9
10999.7
10999.5
10999.4
10999.3
10999.4
10999.5
10999.6
10999.8
11000
11000.1
11000.2
11000.3
11000.4
11000.4
11000.3
11000.3
11000.2
11000.1
11000
10999.9
10999.8
10999.8
10999.8
10999.8
10999.8
10999.9
10999.9
11000
11000
11000.1
11000.1
11000.1
11000.1
11000.1
11000.1
11000.1
11000
11000
11000
10999.9
10999.9
10999.9
10999.9
10999.9
10999.9
11000
11000
11000
11000
11000
11000
11000
11000
11000
11000
11000
11000
11000
11000
