
Dual Residual: 
1
21749
9750.39
10068.5
1918.59
11.8977
3.92346
2.55097
3.86963
2.55679
0.689916
0.711094
0.970386
0.664139
0.281605
0.274654
0.31806
0.238159
0.121006
0.0641772
0.0682085
0.056221
0.0445949
0.0646906
0.0960445
0.126962
0.157044
0.186136
0.213449
0.238637
0.261893
0.283482
0.303472
0.321753
0.338148
0.352488
0.364659
0.374606
0.382318
0.38781
0.391096
0.39219
193.156
305.885
321.007
257.731
149.115
31.2474
66.8477
126.139
142.198
121.342
77.068
25.3226
21.0115
51.0165
62.3022
56.4938
38.9553
16.6908
6.12252
20.1466
26.9137
25.9466
19.2863
10.0369
3.77902
8.43434
11.9985
12.293
9.9665
6.41418
3.8578
4.5315
5.93099
6.306
5.65021
4.54479
3.80688
3.8654
4.25102
4.43647
4.31161
4.03302
3.82091
3.77841
3.84028
3.89376
3.89042
3.85281
3.82598
3.83195
3.85973
3.88622
3.89867
3.90001
3.90034
3.90676
3.91955
3.93503
3.95014
3.96438
3.97886
3.99446
4.01094
4.02735
4.04293
4.05754
4.07154
4.08532
4.09906
4.11269
4.12606
4.12611
4.08148
4.05282
4.06094
3.34014
2.35384
1.30066
0.221962
0.750633
1.46188
1.85942
1.93054
1.71188
1.27684
0.719718
0.138967
0.377828
0.764979
0.985205
1.0308
0.920471
0.692796
0.397752
0.0878418
0.189914
0.399913
0.521563
0.550041
0.494718
0.375748
0.219585
0.0542377
0.0950187
0.208886
0.276002
0.293417
0.265807
0.203694
0.121072
0.0328816
0.0472975
0.109011
0.145995
0.156473
0.142769
0.110369
0.0666746
0.0196516
0.0234066
0.0568372
0.0771923
0.0834173
0.0766572
0.0597723
0.0366749
0.0116107
0.0115048
0.0296054
0.0407956
0.0444555
0.0411456
0.032355
0.020151
0.00679587
0.00560918
0.0154048
0.02155
0.0236834
0.0220772
0.0175056
0.0110605
0.00394682
0.00270813
0.00800679
0.0113781
0.0126129
0.0118418
0.00946704
0.00606495
0.00227713
0.00129185
0.00415672
0.00600448
0.00671481
0.00634958
0.00511749
0.00332258
0.00130639
0.000606987
0.00215528
0.00316709
0.00357357
0.00340353
0.0027651
0.00181861
0.000745796
0.00027965
0.00111605
