
Objective value: 
300000
165656
26688.4
5.50138e-08
1.10736e-07
1.01222e-07
9.19126e-08
8.28201e-08
7.40009e-08
6.55174e-08
5.74196e-08
4.97442e-08
4.25223e-08
3.57864e-08
2.95737e-08
2.39259e-08
1.88889e-08
1.45115e-08
1.08458e-08
7.94741e-09
5.87661e-09
4.69881e-09
4.48542e-11
5.22614e-09
1.39859e-08
2.61069e-08
4.32846e-08
6.82402e-08
1.06396e-07
1.69219e-07
2.80254e-07
4.85052e-07
8.66627e-07
1.57294e-08
2.902e-08
5.72738e-08
1.36207e-07
4.12003e-07
1.68065e-06
1.97439e-07
3.70368e-05
2644.7
6855.2
11274.3
14817.7
16860.7
17274.2
16339
14584.8
12608.9
10921
9844.6
9485.1
9756.02
10444
11288
12051.7
12572.6
12782.7
12702.4
12415.2
12033.2
11664.8
11389.6
11247.1
11236.5
11326.4
11469.5
11616.8
11730
11787.6
11786.2
11736.7
11659
11574.7
11502
11452.1
11428.4
11427.2
11440.5
11458.9
11473.7
11479.3
11473.6
11457.4
11433.9
11407.3
11381.3
11358.9
11341.3
11328.5
11319.2
11311.6
11304.1
11295.1
11284.1
11270.9
11255.9
11239.9
11223.7
11207.9
11193
11178.9
11165.6
11152.7
11140
11127
11113.7
11099.9
11085.7
11071.2
11056.6
11041.9
11027.5
11014.2
11001.5
10989
10979.8
10975
10974.5
10977.7
10983.5
10990.8
10998.4
11005.2
11010.2
11013
11013.6
11012.1
11009.1
11005.2
11001.1
10997.4
10994.7
10993.1
10992.7
10993.5
10995
10997.1
10999.3
11001.3
11002.8
11003.7
11003.9
11003.5
11002.7
11001.6
11000.4
10999.4
10998.5
10998
10997.9
10998.1
10998.5
10999.1
10999.8
11000.3
11000.8
11001
11001.1
11001
11000.8
11000.5
11000.1
10999.8
10999.6
10999.5
10999.4
10999.5
10999.6
10999.7
10999.9
11000.1
11000.2
11000.3
11000.3
11000.3
11000.2
11000.1
11000.1
11000
10999.9
10999.8
10999.8
10999.8
10999.9
10999.9
11000
11000
11000.1
11000.1
11000.1
11000.1
11000.1
11000
11000
11000
11000
11000
11000
11000
11000
11000
11000
11000
11000
11000
11000
11000
11000
11000
