
Primal Residual: 
236.854
5514.85
2938.38
277.804
229.931
229.814
229.815
229.797
229.784
229.784
229.785
229.784
229.783
229.783
229.783
229.783
229.783
229.783
229.783
229.783
229.783
229.783
229.783
229.783
229.783
229.783
229.783
229.783
229.783
229.783
229.783
229.783
229.783
229.783
229.783
229.783
229.783
229.783
229.783
229.783
229.783
229.783
178.774
97.9505
13.1334
54.9614
94.3401
102.518
84.8669
51.5324
13.9532
18.1178
38.4747
45.1051
39.6643
26.2388
9.82662
5.06526
15.2847
19.5583
18.2725
13.0249
5.96719
0.902977
5.87374
8.35061
8.30402
6.33305
3.3489
0.359983
2.15877
3.50483
3.72326
3.02397
1.7848
0.431823
0.73959
1.44091
1.64633
1.42157
0.921009
0.339282
0.262343
0.599602
0.740286
0.689135
0.513203
0.323028
0.28064
0.372065
0.441235
0.449424
0.417277
0.385108
0.382319
0.403677
0.426187
0.436695
0.436434
0.433295
0.433252
0.436452
0.43938
0.439082
0.435125
0.428861
0.421691
0.41401
0.405331
0.395053
0.383017
0.369522
0.354994
0.335576
0.34932
0.32391
0.252881
0.544787
1.01492
1.26714
1.30594
1.15398
0.857319
0.478808
0.0858843
0.263212
0.522827
0.669081
0.697261
0.620396
0.464817
0.264446
0.0547933
0.132442
0.273364
0.354275
0.372147
0.333523
0.252181
0.146093
0.0342125
0.0664226
0.142855
0.187523
0.198558
0.179232
0.136743
0.0806013
0.0209166
0.0331531
0.0745877
0.099216
0.105905
0.0962842
0.0741099
0.0444125
0.0125835
0.0164576
0.0389081
0.0524705
0.0564678
0.0517065
0.0401449
0.024443
0.00747483
0.00811818
0.0202765
0.0277365
0.0300981
0.0277578
0.0217357
0.0134374
0.00439468
0.00397477
0.0105561
0.014655
0.0160373
0.0148963
0.0117628
0.00737933
0.00256187
0.00192886
0.00548968
0.0077395
0.00854232
0.00799146
0.0063628
0.00404838
0.00148279
0.000925958
0.00285166
0.00408533
0.00454853
0.00428576
0.00344024
0.00221886
0.000852998
0.000438577
0.00147953
0.00215538
0.00242112
0.00229765
0.00185925
0.00121502
0.00048812
0.000204195
0.000766647
0.00113657
0.00128828
0.00123139
0.00100438
