
Dual Residual: 
42.1928
58.132
16.0828
14.6049
13.3429
13.184
13.9335
15.0017
16.0411
16.9855
17.9265
18.9289
19.8943
20.5929
20.8353
20.6569
14.3576
10.1523
10.6006
13.1621
15.3242
15.7704
14.0733
10.795
8.72272
11.9191
17.8734
23.0158
25.4261
24.1993
19.6662
14.8956
17.2723
26.4673
35.7959
41.3302
41.0352
34.7777
26.0857
26.3076
40.1643
56.642
68.0773
70.3399
62.2188
47.3323
41.0522
59.555
87.628
109.946
118.277
109.174
85.9098
67.7872
88.9497
135.136
176.87
197.985
190.503
156.117
117.352
132.822
204.83
280.003
326.77
327.711
280.247
209.166
202.465
307.911
442.917
536.314
552.897
486.787
372.337
325.59
462.456
688.705
868.145
931.293
848.434
663.229
528.235
688.361
1070.93
1405.84
1562.24
1475.21
1165.22
837.978
1045.57
1659.41
2252.59
2587.72
2533.74
2080.66
1472.4
1589.72
2542.4
3587.73
4264
4321.28
3680.68
2634.76
2410.2
3864.06
5685.33
6985.1
7296.05
6445.9
4748.94
3849.58
5852.79
8939.33
11376.4
12266.2
11221.5
8538.58
6374.03
8864.87
13985.9
18429.6
20500.1
19386.9
15296.8
10933.8
13455.3
21747.9
29685.9
34081.2
33284.4
27234.1
19251.9
20582.8
33599
47550.2
56339.8
56771
48149.3
34415.6
32009.8
51593
75686.7
92612.8
96249.9
84527.8
61911.2
51089.6
78777.3
119700
151365
162211
147356
111395
84270.3
119826
188043
245944
271780
255135
199714
143712
182187
293379
397237
452732
438821
356046
251781
278450
454541
637661
749827
749919
630573
448846
431330
699478
1.01713e+06
1.23474e+06
1.2736e+06
1.109e+06
806719
683843
1.06989e+06
1.61182e+06
2.02146e+06
2.1499e+06
1.93677e+06
1.45202e+06
1.11867e+06
1.62903e+06
2.537e+06
3.28998e+06
3.60771e+06
3.35918e+06
2.60616e+06
1.89271e+06
2.47646e+06
3.96564e+06
5.32245e+06
6.0188e+06
5.78735e+06
4.65331e+06
3.29646e+06
3.77779e+06
6.15543e+06
8.55775e+06
9.98337e+06
9.90627e+06
8.25532e+06
5.85621e+06
5.82723e+06
9.48885e+06
1.36731e+07
1.64641e+07
1.68505e+07
1.45446e+07
1.05114e+07
9.1765e+06
1.4535e+07
2.17044e+07
2.69946e+07
2.84882e+07
2.5446e+07
1.8922e+07
1.48854e+07
2.21526e+07
3.42226e+07
4.40011e+07
4.78771e+07
4.42108e+07
3.3996e+07
2.49755e+07
3.36776e+07
5.35896e+07
7.12939e+07
7.99924e+07
7.62966e+07
6.07896e+07
4.32134e+07
5.12979e+07
8.333e+07
1.14812e+08
1.32878e+08
1.3081e+08
1.08029e+08
7.64564e+07
7.8837e+07
1.28678e+08
1.83738e+08
2.19458e+08
2.22859e+08
1.90668e+08
1.36984e+08
1.23383e+08
1.9741e+08
2.9215e+08
3.60357e+08
3.77353e+08
3.34172e+08
2.46545e+08
1.98513e+08
3.01202e+08
4.61446e+08
5.88264e+08
6.35133e+08
5.81615e+08
4.43321e+08
3.30231e+08
4.58043e+08
7.23863e+08
9.54611e+08
1.06274e+09
1.00542e+09
7.93818e+08
5.67304e+08
6.96965e+08
1.12759e+09
1.53972e+09
1.76795e+09
1.72662e+09
1.41303e+09
9.98983e+08
1.06785e+09
1.74426e+09
2.46803e+09
2.92418e+09
2.94629e+09
2.49838e+09
1.78567e+09
1.66195e+09
2.68021e+09
3.93078e+09
4.80869e+09
4.99648e+09
4.38656e+09
3.21216e+09
2.6532e+09
4.09444e+09
6.21923e+09
7.86168e+09
8.42241e+09
7.64808e+09
5.77946e+09
4.37561e+09
6.22994e+09
9.77319e+09
1.2777e+10
1.41138e+10
1.32436e+10
1.0362e+10
7.45952e+09
9.47347e+09
1.52513e+10
2.06405e+10
2.35139e+10
2.27811e+10
1.84745e+10
1.30653e+10
1.44785e+10
2.36337e+10
3.31379e+10
3.89489e+10
3.89356e+10
3.2722e+10
2.32865e+10
2.24232e+10
3.6375e+10
5.28649e+10
6.41442e+10
6.61321e+10
5.75548e+10
4.18502e+10
3.55366e+10
5.56438e+10
8.37842e+10
1.05025e+11
1.11646e+11
1.00526e+11
7.53276e+10
5.81037e+10
8.47304e+10
1.31893e+11
1.70948e+11
1.87369e+11
1.74373e+11
1.3521e+11
9.82585e+10
1.28808e+11
2.06189e+11
2.76584e+11
3.1262e+11
3.00449e+11
2.4144e+11
1.71067e+11
1.96475e+11
3.20082e+11
4.44754e+11
5.18591e+11
5.14334e+11
4.28378e+11
3.03832e+11
3.02989e+11
4.93473e+11
7.10676e+11
8.55312e+11
8.74964e+11
7.5482e+11
5.45299e+11
4.76945e+11
7.55974e+11
1.12823e+12
1.4025e+12
1.47939e+12
1.32072e+12
9.81611e+11
7.73267e+11
1.15224e+12
1.77914e+12
2.28629e+12
2.4865e+12
2.2949e+12
1.76371e+12
1.29674e+12
1.75172e+12
2.78629e+12
3.70478e+12
4.15478e+12
3.96083e+12
3.15403e+12
2.24271e+12
2.66803e+12
4.33307e+12
5.96677e+12
6.90228e+12
6.79152e+12
5.60557e+12
3.96689e+12
4.0995e+12
6.69183e+12
9.5498e+12
1.14007e+13
1.15717e+13
9.89481e+12
7.10642e+12
6.41355e+12
1.02672e+13
1.51861e+13
1.8722e+13
1.95955e+13
1.73439e+13
1.27899e+13
1.03138e+13
1.56665e+13
2.39887e+13
3.05655e+13
3.29848e+13
3.01898e+13
2.2999e+13
1.7148e+13
2.3825e+13
3.76349e+13
4.96051e+13
5.51972e+13
5.21937e+13
4.11857e+13
2.9445e+13
3.62506e+13
5.8632e+13
8.00171e+13
9.1833e+13
8.96421e+13
7.33196e+13
5.18344e+13
5.55314e+13
9.07072e+13
1.28273e+14
1.51905e+14
1.52979e+14
1.29651e+14
9.26384e+13
8.63988e+13
1.39393e+14
2.04319e+14
2.49825e+14
2.59456e+14
2.27661e+14
1.66635e+14
1.37866e+14
2.12962e+14
3.23305e+14
4.08473e+14
4.37397e+14
3.96977e+14
2.99827e+14
2.27244e+14
3.24049e+14
5.08111e+14
6.63926e+14
7.33033e+14
6.87489e+14
5.37601e+14
3.87215e+14
4.92747e+14
7.93008e+14
1.07263e+15
1.22136e+15
1.18271e+15
9.58586e+14
6.77964e+14
7.52972e+14
1.229e+15
1.72226e+15
2.02327e+15
2.02159e+15
1.69803e+15
1.20811e+15
1.16582e+15
1.89176e+15
2.7478e+15
3.33239e+15
3.434e+15
2.987e+15
2.17104e+15
1.8468e+15
2.89412e+15
4.35538e+15
5.4567e+15
5.79792e+15
5.21769e+15
3.90779e+15
3.01798e+15
4.40721e+15
6.85695e+15
8.88268e+15
9.73122e+15
9.05162e+15
7.0148e+15
5.10107e+15
6.69984e+15
1.07207e+16
1.4373e+16
1.62378e+16
1.55978e+16
1.25273e+16
8.87742e+15
1.02184e+16
1.66443e+16
2.31144e+16
2.69385e+16
2.67043e+16
2.2229e+16
1.57634e+16
1.57542e+16
2.56635e+16
3.69384e+16
4.44337e+16
4.54326e+16
3.91727e+16
2.82885e+16
2.47893e+16
3.93187e+16
5.86476e+16
7.28672e+16
7.6825e+16
6.85485e+16
5.09228e+16
4.01701e+16
5.99327e+16
9.2493e+16
1.18796e+17
1.29136e+17
1.19124e+17
9.15005e+16
6.73284e+16
9.11151e+16
1.44868e+17
1.92518e+17
2.15798e+17
2.05621e+17
1.63644e+17
1.16394e+17
1.38766e+17
2.25315e+17
3.10092e+17
3.58535e+17
3.52608e+17
2.90871e+17
2.0582e+17
2.13174e+17
3.48005e+17
4.96352e+17
5.92254e+17
6.00848e+17
5.13494e+17
3.68665e+17
3.33384e+17
5.33992e+17
7.89381e+17
9.72679e+17
1.01757e+18
9.00167e+17
6.63495e+17
5.35859e+17
8.14867e+17
1.24708e+18
1.58814e+18
1.71302e+18
1.56705e+18
1.19316e+18
8.9046e+17
1.23925e+18
1.9567e+18
2.57766e+18
2.86686e+18
2.70949e+18
2.13684e+18
1.52831e+18
1.88547e+18
3.04871e+18
4.15838e+18
4.7701e+18
4.65399e+18
3.80442e+18
2.68955e+18
2.88783e+18
4.71705e+18
6.66684e+18
7.89116e+18
7.94307e+18
6.72807e+18
4.80597e+18
4.49159e+18
7.2496e+18
1.06203e+19
1.2979e+19
1.34729e+19
1.18155e+19
8.64441e+18
7.16387e+18
1.10767e+19
1.68068e+19
2.12232e+19
2.27151e+19
2.06052e+19
1.55544e+19
1.18019e+19
1.68553e+19
2.64168e+19
3.44991e+19
3.80717e+19
3.56881e+19
2.78917e+19
2.01001e+19
2.56294e+19
4.12332e+19
5.5742e+19
6.34398e+19
6.14017e+19
4.9738e+19
3.51801e+19
3.91593e+19
6.39098e+19
8.951e+19
1.05102e+20
1.04964e+20
8.81149e+19
6.2677e+19
6.06129e+19
9.83846e+19
1.42824e+20
1.73122e+20
1.78315e+20
1.5502e+20
1.12626e+20
9.59766e+19
1.50528e+20
2.26406e+20
2.8351e+20
3.01093e+20
2.70818e+20
2.02726e+20
1.56759e+20
2.29238e+20
3.56484e+20
4.61554e+20
5.05401e+20
4.69864e+20
3.63933e+20
2.64823e+20
3.48486e+20
5.57418e+20
7.46909e+20
8.43402e+20
8.09757e+20
6.49984e+20
4.60691e+20
5.31446e+20
8.6551e+20
1.20128e+21
1.39933e+21
1.38649e+21
1.15348e+21
8.17842e+20
8.1916e+20
1.33465e+21
1.91992e+21
2.30834e+21
2.35909e+21
2.03294e+21
1.46752e+21
1.28844e+21
2.04499e+21
3.0486e+21
3.78582e+21
3.98952e+21
3.55783e+21
2.64171e+21
2.08679e+21
3.11734e+21
4.80846e+21
6.1726e+21
6.70666e+21
6.1835e+21
4.74701e+21
3.49579e+21
4.73932e+21
7.53212e+21
1.00042e+22
1.12085e+22
1.06745e+22
8.49056e+21
6.04075e+21
7.21732e+21
1.17161e+22
1.61154e+22
1.86238e+22
1.83069e+22
1.50932e+22
1.06789e+22
1.10851e+22
1.80978e+22
2.57979e+22
3.0767e+22
3.11983e+22
2.66479e+22
1.91255e+22
1.73298e+22
2.77726e+22
4.10323e+22
5.05343e+22
5.28414e+22
4.67195e+22
3.44197e+22
2.78411e+22
4.23839e+22
6.48305e+22
8.25176e+22
8.89635e+22
8.13404e+22
6.18994e+22
4.624e+22
6.44595e+22
1.01732e+23
1.33944e+23
1.489e+23
1.40655e+23
1.10865e+23
7.93255e+22
9.80678e+22
1.58525e+23
2.16105e+23
2.47774e+23
2.41623e+23
1.97405e+23
1.39554e+23
1.50177e+23
2.45301e+23
3.465e+23
4.09928e+23
4.12425e+23
3.49145e+23
2.49328e+23
2.33505e+23
3.77039e+23
5.52032e+23
6.74295e+23
6.99615e+23
6.1322e+23
4.48441e+23
3.72256e+23
5.76127e+23
8.73695e+23
1.1027e+24
1.17965e+24
1.06952e+24
8.06929e+23
6.12931e+23
8.76723e+23
1.37341e+24
1.79265e+24
1.97734e+24
1.85259e+24
1.44707e+24
1.04339e+24
1.33307e+24
2.14396e+24
2.89676e+24
3.29519e+24
3.18773e+24
2.58074e+24
1.82553e+24
2.03654e+24
3.32341e+24
4.65205e+24
5.4597e+24
5.44985e+24
4.57249e+24
3.25171e+24
3.15139e+24
5.11668e+24
7.42367e+24
8.99394e+24
9.25924e+24
8.04522e+24
5.84265e+24
4.98787e+24
7.82919e+24
1.17693e+25
1.47301e+25
1.56361e+25
1.40565e+25
1.05168e+25
8.14244e+24
1.19237e+25
1.85331e+25
2.39828e+25
2.62485e+25
2.43904e+25
1.8881e+25
1.37484e+25
1.81262e+25
2.89826e+25
3.88138e+25
4.38069e+25
4.20383e+25
3.37247e+25
2.39075e+25
2.76399e+25
4.50066e+25
6.24319e+25
7.2689e+25
7.19863e+25
5.98554e+25
4.24316e+25
4.25935e+25
6.94091e+25
9.97905e+25
1.19919e+26
1.22496e+26
1.05502e+26
7.61305e+25
6.69681e+25
1.06361e+26
1.58471e+26
1.96692e+26
2.07176e+26
1.8466e+26
1.37043e+26
1.08408e+26
1.62145e+26
2.49979e+26
3.20727e+26
3.48309e+26
3.20972e+26
2.46273e+26
1.81508e+26
2.46514e+26
3.91617e+26
5.19864e+26
5.82162e+26
5.54149e+26
4.40525e+26
3.13511e+26
3.75379e+26
6.09221e+26
8.37516e+26
9.674e+26
9.50471e+26
7.83177e+26
5.54072e+26
5.7643e+26
9.41162e+26
1.34084e+27
1.59831e+27
1.61993e+27
1.3829e+27
9.92188e+26
9.00839e+26
1.44444e+27
2.13287e+27
2.62545e+27
2.74398e+27
2.42479e+27
1.78557e+27
1.44653e+27
2.20452e+27
3.37026e+27
4.28749e+27
4.62019e+27
4.2221e+27
3.21126e+27
2.40118e+27
3.35285e+27
5.28919e+27
6.96019e+27
7.73362e+27
7.3017e+27
5.75201e+27
4.11734e+27
5.10074e+27
8.24286e+27
1.12306e+28
1.28701e+28
1.25444e+28
1.02429e+28
7.24115e+27
7.8098e+27
1.27563e+28
1.80089e+28
2.12949e+28
2.14141e+28
1.81184e+28
1.29349e+28
1.21393e+28
1.96091e+28
2.8694e+28
3.50313e+28
3.63292e+28
3.18258e+28
2.32635e+28
1.93437e+28
2.99657e+28
4.54185e+28
5.72934e+28
6.1262e+28
5.55134e+28
4.18617e+28
3.18329e+28
4.56025e+28
7.14037e+28
9.31501e+28
1.02697e+29
9.61693e+28
7.50763e+28
5.41621e+28
6.93378e+28
1.11477e+29
1.50536e+29
1.71158e+29
1.65494e+29
1.33906e+29
9.47288e+28
1.05914e+29
1.72822e+29
2.41777e+29
2.83613e+29
2.82963e+29
2.37277e+29
1.687e+29
1.63848e+29
2.66103e+29
3.85864e+29
4.67247e+29
4.80797e+29
4.17531e+29
3.03096e+29
2.5922e+29
4.07207e+29
6.11802e+29
7.65316e+29
8.12001e+29
7.29583e+29
5.45584e+29
4.2294e+29
6.20203e+29
9.63512e+29
1.24617e+30
1.36324e+30
1.26608e+30
9.79558e+29
7.13763e+29
9.42822e+29
1.50693e+30
2.017e+30
2.27536e+30
2.1824e+30
1.74981e+30
1.24068e+30
1.43753e+30
2.34035e+30
3.24465e+30
3.77585e+30
3.73752e+30
3.10594e+30
2.20146e+30
2.21472e+30
3.60966e+30
5.18673e+30
6.22979e+30
6.36059e+30
5.47521e+30
3.94943e+30
3.48076e+30
5.53186e+30
8.2376e+30
1.02191e+31
1.07586e+31
9.58426e+30
7.10935e+30
5.63176e+30
8.43378e+30
1.29957e+31
1.66649e+31
1.80893e+31
1.6661e+31
1.27765e+31
9.42433e+30
1.28223e+31
2.03613e+31
2.70145e+31
3.02372e+31
2.87677e+31
2.28562e+31
1.62711e+31
1.95238e+31
3.16786e+31
4.35254e+31
5.02508e+31
4.93471e+31
4.06385e+31
2.8748e+31
2.99747e+31
4.89443e+31
6.96901e+31
8.30306e+31
8.41128e+31
7.17656e+31
5.14726e+31
4.68277e+31
7.51241e+31
1.10867e+32
1.36401e+32
1.42491e+32
1.25848e+32
9.26292e+31
7.51571e+31
1.14664e+32
1.75206e+32
2.22771e+32
2.39942e+32
2.19154e+32
1.66595e+32
1.24691e+32
1.74398e+32
2.74992e+32
3.61675e+32
4.0167e+32
3.79045e+32
2.9843e+32
2.1371e+32
2.65302e+32
4.28605e+32
5.83637e+32
6.68512e+32
6.51271e+32
5.31485e+32
3.75728e+32
4.06141e+32
6.63366e+32
9.35984e+32
1.10622e+33
1.11187e+33
9.40231e+32
6.71049e+32
6.31095e+32
1.01983e+33
1.49148e+33
1.81996e+33
1.88648e+33
1.65174e+33
1.20682e+33
1.00517e+33
1.55859e+33
2.36105e+33
2.97681e+33
3.18147e+33
2.88142e+33
2.17169e+33
1.65328e+33
2.372e+33
3.71228e+33
4.84027e+33
5.33379e+33
4.9922e+33
3.89508e+33
2.81157e+33
3.6065e+33
5.7963e+33
7.82292e+33
8.89025e+33
8.59178e+33
6.94794e+33
4.91561e+33
5.50825e+33
8.98699e+33
1.25657e+34
1.47327e+34
1.46917e+34
1.23128e+34
8.75227e+33
8.5189e+33
1.38391e+34
2.00562e+34
2.4274e+34
2.49659e+34
2.1669e+34
1.57236e+34
1.34718e+34
2.11794e+34
3.18033e+34
3.97628e+34
4.2168e+34
3.7868e+34
2.83033e+34
2.19688e+34
3.22595e+34
5.00915e+34
6.47519e+34
7.08009e+34
6.57214e+34
5.08199e+34
3.70559e+34
4.90402e+34
7.83516e+34
1.04815e+35
1.18183e+35
1.13298e+35
9.07896e+34
6.43859e+34
7.47646e+34
1.21698e+35
1.68627e+35
1.96138e+35
1.94051e+35
1.6117e+35
1.14217e+35
1.15159e+35
1.87722e+35
2.69586e+35
3.23638e+35
3.30273e+35
2.84144e+35
2.04885e+35
1.80919e+35
2.87714e+35
4.28203e+35
5.3093e+35
5.58692e+35
4.97444e+35
3.68809e+35
2.92571e+35
4.38673e+35
6.75607e+35
8.65899e+35
9.3946e+35
8.64835e+35
6.62838e+35
4.89337e+35
6.66949e+35
1.05864e+36
1.4038e+36
1.5705e+36
1.49342e+36
1.18587e+36
8.44472e+35
1.01546e+36
1.64724e+36
2.262e+36
2.61023e+36
2.56203e+36
2.10871e+36
1.49159e+36
1.55871e+36
2.54531e+36
3.62213e+36
4.31334e+36
4.36744e+36
3.72427e+36
2.67029e+36
2.43423e+36
3.90714e+36
5.76288e+36
7.08654e+36
7.39936e+36
6.53162e+36
4.80527e+36
3.90496e+36
5.96405e+36
9.10817e+36
1.15748e+37
1.2461e+37
1.13755e+37
8.64272e+36
6.47514e+36
9.07126e+36
1.42972e+37
1.87938e+37
2.0862e+37
1.96769e+37
1.54834e+37
1.10926e+37
1.3799e+37
2.22862e+37
3.03306e+37
3.47244e+37
3.38122e+37
2.75776e+37
1.94958e+37
2.11211e+37
3.44968e+37
4.86463e+37
5.74654e+37
5.77309e+37
4.87919e+37
3.48135e+37
3.28094e+37
5.30393e+37
7.75254e+37
9.45512e+37
9.79598e+37
8.5724e+37
6.26057e+37
5.2233e+37
8.10658e+37
1.22737e+38
1.54666e+38
1.65221e+38
1.4956e+38
1.12662e+38
8.58653e+37
1.23379e+38
1.93001e+38
2.5151e+38
2.77021e+38
2.59148e+38
2.02082e+38
1.45951e+38
1.87587e+38
3.01382e+38
4.06534e+38
4.61774e+38
4.4605e+38
3.60504e+38
2.55079e+38
2.86467e+38
4.67335e+38
6.53066e+38
7.6531e+38
7.62809e+38
6.38936e+38
4.54074e+38
4.42922e+38
7.19728e+38
1.04247e+39
1.26106e+39
1.29638e+39
1.12457e+39
8.15687e+38
7.00141e+38
1.10157e+39
1.65322e+39
2.06591e+39
2.18982e+39
1.96548e+39
1.46829e+39
1.14114e+39
1.67795e+39
2.60418e+39
3.36456e+39
3.6771e+39
3.41154e+39
2.63656e+39
1.92382e+39
2.55079e+39
4.07382e+39
5.44677e+39
6.13851e+39
5.88183e+39
4.71063e+39
3.34135e+39
3.88846e+39
6.32827e+39
8.76369e+39
1.01884e+40
1.00751e+40
8.36319e+39
5.92592e+39
5.98796e+39
9.76256e+39
1.4012e+40
1.68129e+40
1.71493e+40
1.4746e+40
1.06288e+40
9.40363e+39
1.49641e+40
2.22586e+40
2.75843e+40
2.90127e+40
2.58183e+40
1.91326e+40
1.51993e+40
2.2817e+40
3.51228e+40
4.49917e+40
4.87904e+40
4.48916e+40
3.43876e+40
2.54079e+40
3.46912e+40
5.50415e+40
7.29475e+40
8.15706e+40
7.75282e+40
6.15275e+40
4.38284e+40
5.28151e+40
8.56539e+40
1.17555e+41
1.35586e+41
1.33016e+41
1.09419e+41
7.73919e+40
8.10548e+40
1.32366e+41
1.88259e+41
2.24073e+41
2.26773e+41
1.93271e+41
1.38529e+41
1.26538e+41
2.03207e+41
2.99555e+41
3.6817e+41
3.84237e+41
3.38995e+41
2.4928e+41
2.02893e+41
3.10208e+41
4.73493e+41
6.01409e+41
6.47142e+41
5.90459e+41
4.48371e+41
3.36253e+41
4.7184e+41
7.43329e+41
9.76586e+41
1.08353e+42
1.02146e+42
8.03317e+41
5.75767e+41
7.17724e+41
1.15881e+42
1.57623e+42
1.80369e+42
1.75543e+42
1.43094e+42
1.01161e+42
1.09839e+42
1.79392e+42
2.52831e+42
2.98519e+42
2.99751e+42
2.53198e+42
1.8061e+42
1.70571e+42
2.75846e+42
4.02966e+42
4.91215e+42
5.08678e+42
4.449e+42
3.24776e+42
2.71427e+42
4.21641e+42
6.38039e+42
8.03601e+42
8.58025e+42
7.76289e+42
5.84467e+42
4.45958e+42
6.4175e+42
1.00341e+43
1.3069e+43
1.43876e+43
1.34524e+43
1.04843e+43
7.57645e+42
9.75709e+42
1.56705e+43
2.11263e+43
2.39853e+43
2.3157e+43
1.87053e+43
1.32365e+43
1.48984e+43
2.4302e+43
3.39412e+43
3.97551e+43
3.96057e+43
3.31557e+43
2.35578e+43
2.3029e+43
3.74306e+43
5.41848e+43
6.55136e+43
6.73158e+43
5.83627e+43
4.23151e+43
3.63872e+43
5.72941e+43
8.5939e+43
1.07336e+44
1.13719e+44
1.02015e+44
7.61708e+43
5.92754e+43
8.72776e+43
1.35387e+44
1.74825e+44
1.90973e+44
1.77089e+44
1.36785e+44
9.98793e+43
1.32678e+44
2.11815e+44
2.83045e+44
3.18837e+44
3.05352e+44
2.44411e+44
1.73403e+44
2.02237e+44
3.29069e+44
4.55455e+44
5.29239e+44
5.23094e+44
4.33971e+44
3.07454e+44
3.11359e+44
5.07705e+44
7.28287e+44
8.7343e+44
8.90474e+44
7.65264e+44
5.51394e+44
4.88777e+44
7.78285e+44
1.15703e+45
1.43313e+45
1.50662e+45
1.34002e+45
9.92535e+44
7.8962e+44
1.1868e+45
1.82592e+45
2.33774e+45
2.5339e+45
2.33021e+45
1.78401e+45
1.31927e+45
1.80445e+45
2.86175e+45
3.79067e+45
4.23671e+45
4.02472e+45
3.19228e+45
2.27472e+45
2.74698e+45
4.45386e+45
6.10926e+45
7.04287e+45
6.90598e+45
5.67766e+45
4.01552e+45
4.21496e+45
6.88356e+45
9.78468e+45
1.16403e+46
1.17748e+46
1.00297e+46
7.18664e+45
6.57789e+45
1.05686e+46
1.55708e+46
1.91277e+46
1.99528e+46
1.7594e+46
1.29317e+46
1.0542e+46
1.61349e+46
2.46148e+46
3.12481e+46
3.36082e+46
3.06485e+46
2.32608e+46
1.74617e+46
2.45426e+46
3.86465e+46
5.07465e+46
5.62766e+46
5.30259e+46
4.16781e+46
2.98856e+46
3.73307e+46
6.02547e+46
8.19136e+46
9.36884e+46
9.11365e+46
7.42484e+46
5.24908e+46
5.71212e+46
9.32886e+46
1.31405e+47
1.55073e+47
1.55637e+47
1.31393e+47
9.3699e+46
8.86775e+46
1.43462e+47
2.09456e+47
2.55197e+47
2.64142e+47
2.30899e+47
1.68482e+47
1.41047e+47
2.19305e+47
3.31678e+47
4.17527e+47
4.4559e+47
4.02931e+47
3.03208e+47
2.31619e+47
3.33804e+47
5.21667e+47
6.79088e+47
7.47246e+47
6.98321e+47
5.43941e+47
3.93304e+47
5.07503e+47
8.14795e+47
1.09787e+48
1.24583e+48
1.20221e+48
9.70548e+47
6.86873e+47
7.74824e+47
1.26373e+48
1.76399e+48
2.06513e+48
2.05636e+48
1.72051e+48
1.2222e+48
1.19736e+48
1.94664e+48
2.81637e+48
3.40349e+48
3.49543e+48
3.02889e+48
2.19517e+48
1.8911e+48
2.97993e+48
4.46734e+48
5.57673e+48
5.90554e+48
5.29493e+48
3.95152e+48
3.07903e+48
4.53968e+48
7.03852e+48
9.084e+48
9.91827e+48
9.19252e+48
7.09646e+48
5.18548e+48
6.90115e+48
1.10131e+49
1.47086e+49
1.65605e+49
1.58521e+49
1.26813e+49
8.99895e+48
1.05182e+49
1.71115e+49
2.36703e+49
2.74913e+49
2.71588e+49
2.25189e+49
1.59517e+49
1.619e+49
2.64033e+49
3.78533e+49
4.53745e+49
4.62375e+49
3.97143e+49
2.86048e+49
2.54056e+49
4.04787e+49
6.01439e+49
7.44578e+49
7.8238e+49
6.95497e+49
5.14893e+49
4.1022e+49
6.17298e+49
9.49239e+49
1.21468e+50
1.31597e+50
1.20956e+50
9.25529e+49
6.85018e+49
9.38579e+49
1.48789e+50
1.9698e+50
2.20051e+50
2.08935e+50
1.65627e+50
1.1806e+50
1.42874e+50
2.31593e+50
3.17494e+50
3.65834e+50
3.58546e+50
2.94608e+50
2.08348e+50
2.19184e+50
3.57972e+50
5.08554e+50
6.04695e+50
6.11387e+50
5.20491e+50
3.72829e+50
3.41943e+50
5.49662e+50
8.0937e+50
9.93748e+50
1.03612e+51
9.13138e+50
6.70852e+50
5.47746e+50
8.39223e+50
1.27961e+51
1.62359e+51
1.74538e+51
1.59084e+51
1.20673e+51
9.06802e+50
1.27658e+51
2.00927e+51
2.63694e+51
2.92289e+51
2.75266e+51
2.16236e+51
1.55125e+51
1.94167e+51
3.13305e+51
4.25689e+51
4.86642e+51
4.73153e+51
3.85257e+51
2.72368e+51
2.97057e+51
4.85124e+51
6.82951e+51
8.05563e+51
8.08101e+51
6.8184e+51
4.86105e+51
4.61025e+51
7.46112e+51
1.08872e+52
1.3258e+52
1.37161e+52
1.19834e+52
8.74023e+51
7.32959e+51
1.14065e+52
1.72419e+52
2.16934e+52
2.31403e+52
2.0914e+52
1.57297e+52
1.20297e+52
1.73627e+52
2.71212e+52
3.52866e+52
3.88095e+52
3.625e+52
2.82204e+52
2.04171e+52
2.63971e+52
4.23655e+52
5.70526e+52
6.47105e+52
6.24134e+52
5.03581e+52
3.56435e+52
4.02966e+52
6.57153e+52
9.16778e+52
1.07275e+53
1.06768e+53
8.92804e+52
6.34091e+52
6.22551e+52
1.01238e+53
1.46387e+53
1.76815e+53
1.81503e+53
1.57192e+53
1.13878e+53
9.82846e+52
1.5499e+53
2.32223e+53
2.89743e+53
3.06679e+53
2.74824e+53
2.04993e+53
1.5994e+53
2.36128e+53
3.6592e+53
4.7201e+53
5.15111e+53
4.77173e+53
3.68166e+53
2.69219e+53
3.58959e+53
5.72612e+53
7.6434e+53
8.60156e+53
8.22951e+53
6.57968e+53
4.67014e+53
5.47051e+53
8.89789e+53
1.23016e+54
1.42804e+54
1.41007e+54
1.16852e+54
8.27624e+53
8.41848e+53
1.37311e+54
1.96746e+54
2.35719e+54
2.40086e+54
2.06101e+54
1.48394e+54
1.32054e+54
2.1053e+54
3.12635e+54
3.86841e+54
4.06286e+54
3.60976e+54
2.67109e+54
2.13118e+54
3.21079e+54
4.93478e+54
6.31138e+54
6.83439e+54
6.27849e+54
4.80157e+54
3.55691e+54
4.882e+54
7.73592e+54
1.02359e+55
1.14293e+55
1.08464e+55
8.59334e+54
6.12746e+54
7.4311e+54
1.20424e+55
1.64999e+55
1.90028e+55
1.86151e+55
1.52869e+55
1.08103e+55
1.1398e+55
1.86159e+55
2.64318e+55
3.1413e+55
3.17452e+55
2.70107e+55
1.93417e+55
1.77756e+55
2.85873e+55
4.20708e+55
5.16284e+55
5.38037e+55
4.73922e+55
3.48014e+55
2.84604e+55
4.36505e+55
6.65207e+55
8.43588e+55
9.0643e+55
8.25742e+55
6.26032e+55
4.70913e+55
6.6401e+55
1.04464e+56
1.37023e+56
1.51809e+56
1.42895e+56
1.12189e+56
8.05196e+55
1.00992e+56
1.62908e+56
2.21222e+56
2.52775e+56
2.45646e+56
1.999e+56
1.41329e+56
1.54485e+56
2.52276e+56
3.54951e+56
4.18468e+56
4.19582e+56
3.53829e+56
2.52189e+56
2.39684e+56
3.88036e+56
5.659e+56
6.88781e+56
7.12236e+56
6.21927e+56
4.53412e+56
3.80889e+56
5.93276e+56
8.96303e+56
1.12712e+57
1.20172e+57
1.08553e+57
8.16018e+56
6.24804e+56
9.03113e+56
1.41002e+57
1.83355e+57
2.01564e+57
1.88174e+57
1.46411e+57
1.0599e+57
1.37301e+57
2.2028e+57
2.96484e+57
3.36115e+57
3.24022e+57
2.61289e+57
1.84963e+57
2.09573e+57
3.41725e+57
4.76466e+57
5.57254e+57
5.54347e+57
4.63291e+57
3.28974e+57
3.2369e+57
5.26501e+57
7.60876e+57
9.18567e+57
9.42469e+57
8.15785e+57
5.90761e+57
5.10809e+57
8.06118e+57
1.20715e+58
1.50538e+58
1.5926e+58
1.42642e+58
1.06344e+58
8.30812e+57
1.2282e+58
1.90234e+58
2.45258e+58
2.67525e+58
2.47694e+58
1.91005e+58
1.39774e+58
1.8671e+58
2.97723e+58
3.97192e+58
4.46767e+58
4.27228e+58
3.41385e+58
2.42365e+58
2.8452e+58
4.62686e+58
6.39319e+58
7.41793e+58
7.321e+58
6.06346e+58
4.29399e+58
4.37747e+58
7.14085e+58
1.0226e+59
1.22455e+59
1.24663e+59
1.06958e+59
7.69827e+58
6.86399e+58
1.09497e+59
1.62511e+59
2.00981e+59
2.10982e+59
1.87353e+59
1.38567e+59
1.1072e+59
1.67005e+59
2.56542e+59
3.27934e+59
3.54939e+59
3.259e+59
2.49101e+59
1.84692e+59
2.53936e+59
4.02208e+59
5.31899e+59
5.93624e+59
5.63069e+59
4.45853e+59
3.18024e+59
3.86503e+59
6.26181e+59
8.57487e+59
9.87075e+59
9.66457e+59
7.9322e+59
5.60903e+59
5.92717e+59
9.68094e+59
1.37378e+60
1.63186e+60
1.64831e+60
1.40171e+60
1.00341e+60
9.24052e+59
1.48679e+60
2.18683e+60
2.68226e+60
2.79393e+60
2.45967e+60
1.80537e+60
1.47879e+60
2.27039e+60
3.45809e+60
4.38311e+60
4.70736e+60
4.28609e+60
3.24774e+60
2.44553e+60
3.45383e+60
5.43117e+60
7.12012e+60
7.8846e+60
7.41786e+60
5.8206e+60
4.17951e+60
5.25288e+60
8.47067e+60
1.14964e+61
1.31298e+61
1.27531e+61
1.03723e+61
7.33345e+60
8.03399e+60
1.31189e+61
1.84479e+61
2.17383e+61
2.17855e+61
1.83613e+61
1.30834e+61
1.24611e+61
2.01808e+61
2.94145e+61
3.57835e+61
3.69842e+61
3.22773e+61
2.35214e+61
1.97934e+61
3.08575e+61
4.65932e+61
5.85615e+61
6.24075e+61
5.6344e+61
4.2333e+61
3.24515e+61
4.69751e+61
7.33061e+61
9.52744e+61
1.04685e+62
9.76812e+61
7.59595e+61
5.50218e+61
7.14157e+61
1.14535e+62
1.54072e+62
1.74583e+62
1.68218e+62
1.35573e+62
9.59827e+61
1.08994e+62
1.777e+62
2.47627e+62
2.89471e+62
2.8782e+62
2.40409e+62
1.70676e+62
1.683e+62
2.73814e+62
3.9548e+62
4.77202e+62
4.89383e+62
4.23371e+62
3.06468e+62
2.65482e+62
4.1927e+62
6.27508e+62
7.82126e+62
8.27048e+62
7.40357e+62
5.51681e+62
4.31572e+62
6.38839e+62
9.8899e+62
1.27437e+63
1.3894e+63
1.28575e+63
9.90934e+62
7.25688e+62
9.71164e+62
1.54797e+63
2.06402e+63
2.32051e+63
2.21791e+63
1.77127e+63
1.25781e+63
1.47979e+63
2.40594e+63
3.32257e+63
3.85323e+63
3.80101e+63
3.14634e+63
2.22787e+63
2.27622e+63
3.71359e+63
5.31502e+63
6.3615e+63
6.47307e+63
5.5507e+63
3.99366e+63
3.56783e+63
5.69491e+63
8.44747e+63
1.04418e+64
1.09561e+64
9.7239e+63
7.18838e+63
5.75223e+63
8.68653e+63
1.33367e+64
1.70392e+64
1.84334e+64
1.69165e+64
1.29231e+64
9.59017e+63
1.32084e+64
2.09117e+64
2.76396e+64
3.08322e+64
2.92304e+64
2.31324e+64
1.6506e+64
2.01027e+64
3.25601e+64
4.45628e+64
5.12723e+64
5.01765e+64
4.11592e+64
2.91031e+64
3.08226e+64
5.03443e+64
7.1401e+64
8.47723e+64
8.55855e+64
7.27408e+64
5.20554e+64
4.80366e+64
7.73263e+64
1.1367e+65
1.39352e+65
1.45083e+65
1.27657e+65
9.3656e+64
7.68377e+64
1.18089e+65
1.79769e+65
2.27737e+65
2.44467e+65
2.22473e+65
1.68487e+65
1.27001e+65
1.7965e+65
2.82371e+65
3.69982e+65
4.09508e+65
3.85071e+65
3.01986e+65
2.16946e+65
2.73218e+65
4.40445e+65
5.97444e+65
6.81991e+65
6.621e+65
5.38193e+65
3.80528e+65
4.1781e+65
6.82212e+65
9.58791e+65
1.12924e+66
1.13114e+66
9.5282e+65
6.78764e+65
6.4785e+65
1.04955e+66
1.52891e+66
1.85902e+66
1.92047e+66
1.67515e+66
1.2202e+66
1.0286e+66
1.60496e+66
2.42209e+66
3.04266e+66
3.24093e+66
2.9245e+66
2.19613e+66
1.6855e+66
2.44339e+66
3.81113e+66
4.9506e+66
5.43698e+66
5.07062e+66
3.94086e+66
2.85634e+66
3.71461e+66
5.95525e+66
8.00661e+66
9.06804e+66
8.73307e+66
7.03432e+66
4.98084e+66
5.66858e+66
9.24054e+66
1.28696e+67
1.50369e+67
1.49438e+67
1.24752e+67
8.85492e+66
8.75071e+66
1.424e+67
2.05558e+67
2.4791e+67
2.54115e+67
2.19718e+67
1.58985e+67
1.3798e+67
2.18066e+67
3.26193e+67
4.06357e+67
4.2949e+67
3.84267e+67
2.86195e+67
2.24185e+67
3.32286e+67
5.14155e+67
6.62168e+67
7.2159e+67
6.67413e+67
5.14097e+67
3.76771e+67
5.05146e+67
8.04844e+67
1.07257e+68
1.20527e+68
1.15141e+68
9.19017e+67
6.52768e+67
7.69639e+67
1.25107e+68
1.72675e+68
2.00155e+68
1.97346e+68
1.63264e+68
1.1559e+68
1.18361e+68
1.93125e+68
2.76251e+68
3.30477e+68
3.3611e+68
2.88058e+68
2.07181e+68
1.85454e+68
2.96192e+68
4.39107e+68
5.42497e+68
5.68944e+68
5.04685e+68
3.72908e+68
2.98847e+68
4.51817e+68
6.9333e+68
8.8534e+68
9.57323e+68
8.7809e+68
6.7044e+68
4.97976e+68
6.87032e+68
1.08724e+69
1.43627e+69
1.60139e+69
1.51743e+69
1.20019e+69
8.56699e+68
1.04558e+69
1.69306e+69
2.31589e+69
2.66327e+69
2.60506e+69
2.1357e+69
1.51006e+69
1.60285e+69
2.61808e+69
3.71101e+69
4.40377e+69
4.44386e+69
3.77483e+69
2.70055e+69
2.49718e+69
4.02164e+69
5.90854e+69
7.23975e+69
7.53388e+69
6.62541e+69
4.85853e+69
3.99251e+69
6.14215e+69
9.34531e+69
1.18327e+70
1.26959e+70
1.15476e+70
8.7408e+69
6.59549e+69
9.34448e+69
1.46806e+70
1.92252e+70
2.12689e+70
1.99895e+70
1.56677e+70
1.12611e+70
1.42109e+70
2.29016e+70
3.10478e+70
3.54242e+70
3.4374e+70
2.79254e+70
1.97455e+70
2.17284e+70
3.54765e+70
4.98311e+70
5.86608e+70
5.87309e+70
4.94446e+70
3.52141e+70
3.36819e+70
5.45846e+70
7.94701e+70
9.65796e+70
9.97239e+70
8.69379e+70
6.32999e+70
5.34533e+70
8.34768e+70
1.25909e+71
1.58086e+71
1.68307e+71
1.51794e+71
1.1393e+71
8.7544e+70
1.27092e+71
1.98138e+71
2.57241e+71
2.82378e+71
2.63215e+71
2.04456e+71
1.48282e+71
1.93212e+71
3.09643e+71
4.16075e+71
4.71005e+71
4.53379e+71
3.64982e+71
2.58472e+71
2.94812e+71
4.80514e+71
6.68853e+71
7.81103e+71
7.75887e+71
6.47357e+71
4.59407e+71
4.54992e+71
7.40568e+71
1.06843e+72
1.28791e+72
1.3195e+72
1.14027e+72
8.24765e+71
7.1713e+71
1.13418e+72
1.69562e+72
2.11125e+72
2.23036e+72
1.99446e+72
1.48469e+72
1.16457e+72
1.72836e+72
2.67298e+72
3.44064e+72
3.74759e+72
3.46444e+72
2.66713e+72
1.95617e+72
2.62749e+72
4.18467e+72
5.57365e+72
6.26019e+72
5.9774e+72
4.76828e+72
3.38771e+72
4.0029e+72
6.50548e+72
8.97395e+72
1.0397e+73
1.0246e+73
8.47177e+72
5.99727e+72
6.15463e+72
1.00434e+73
1.43583e+73
1.71681e+73
1.74522e+73
1.4949e+73
1.0748e+73
9.63983e+72
1.54049e+73
2.28251e+73
2.8185e+73
2.95448e+73
2.61939e+73
1.93452e+73
1.55263e+73
2.35006e+73
3.60437e+73
4.60014e+73
4.97176e+73
4.55791e+73
3.47817e+73
2.58579e+73
3.57358e+73
5.6528e+73
7.4634e+73
8.31741e+73
7.87735e+73
6.22697e+73
4.44648e+73
5.43823e+73
8.80352e+73
1.20354e+74
1.38339e+74
1.35249e+74
1.10818e+74
7.83516e+73
8.33523e+73
1.36149e+74
1.92876e+74
2.28768e+74
2.30738e+74
1.95892e+74
1.401e+74
1.29817e+74
2.0916e+74
3.07122e+74
3.76126e+74
3.91219e+74
3.43859e+74
2.52043e+74
2.07454e+74
3.1947e+74
4.85815e+74
6.14803e+74
6.59332e+74
5.99387e+74
4.53456e+74
3.42523e+74
4.86051e+74
7.63254e+74
9.98995e+74
1.10465e+75
1.03768e+75
8.12872e+74
5.84541e+74
7.39153e+74
1.1908e+75
1.61348e+75
1.84002e+75
1.78458e+75
1.44897e+75
1.02459e+75
1.13e+75
1.84485e+75
2.58986e+75
3.04725e+75
3.0494e+75
2.56582e+75
1.82691e+75
1.75114e+75
2.8388e+75
4.1307e+75
5.01748e+75
5.17833e+75
4.51195e+75
3.28377e+75
2.77784e+75
4.34178e+75
6.54518e+75
8.21362e+75
8.74043e+75
7.87876e+75
5.91037e+75
4.54703e+75
6.61061e+75
1.0301e+76
1.33666e+76
1.46657e+76
1.36635e+76
1.06074e+76
7.69785e+75
1.00497e+76
1.60999e+76
2.16219e+76
2.44645e+76
2.35372e+76
1.89374e+76
1.34131e+76
1.53326e+76
2.4987e+76
3.47613e+76
4.0575e+76
4.02843e+76
3.35922e+76
2.38348e+76
2.36574e+76
3.8514e+76
5.55332e+76
6.69075e+76
6.85158e+76
5.91769e+76
4.27862e+76
3.72722e+76
5.89898e+76
8.8142e+76
1.0969e+77
1.15823e+77
1.03518e+77
7.7021e+76
6.04959e+76
8.98989e+76
1.38962e+77
1.78776e+77
1.94632e+77
1.79833e+77
1.3837e+77
1.01564e+77
1.36668e+77
2.17575e+77
2.89635e+77
3.25154e+77
3.10309e+77
2.474e+77
1.75815e+77
2.08192e+77
3.38279e+77
4.66378e+77
5.40068e+77
5.31963e+77
4.39599e+77
3.11162e+77
3.20036e+77
5.22306e+77
7.46276e+77
8.91869e+77
9.06192e+77
7.75787e+77
5.5758e+77
5.01079e+77
8.01202e+77
1.18647e+78
1.46433e+78
1.53423e+78
1.3595e+78
1.00356e+78
8.06655e+77
1.22235e+78
1.87378e+78
2.39018e+78
2.58203e+78
2.36587e+78
1.80444e+78
1.34271e+78
1.85879e+78
2.939e+78
3.87827e+78
4.31996e+78
4.08932e+78
3.23075e+78
2.30785e+78
2.82853e+78
4.57763e+78
6.25467e+78
7.18582e+78
7.02182e+78
5.7502e+78
4.06541e+78
4.33456e+78
7.08021e+78
1.00246e+79
1.18841e+79
1.19806e+79
1.01657e+79
7.26821e+78
6.74863e+78
1.08781e+79
1.5964e+79
1.95408e+79
2.03151e+79
1.78462e+79
1.30751e+79
1.07796e+79
1.66165e+79
2.5255e+79
3.19437e+79
3.42409e+79
3.11115e+79
2.35244e+79
1.77884e+79
2.52818e+79
3.9682e+79
5.19103e+79
5.7373e+79
5.38671e+79
4.21734e+79
3.03424e+79
3.84457e+79
6.19169e+79
8.38488e+79
9.55745e+79
9.26487e+79
7.51828e+79
5.31659e+79
5.87667e+79
9.59356e+79
1.34602e+80
1.58295e+80
1.5833e+80
1.33147e+80
9.47798e+79
9.10432e+79
1.47638e+80
2.14706e+80
2.60666e+80
2.68893e+80
2.34163e+80
1.70351e+80
1.44359e+80
2.25824e+80
3.40241e+80
4.26751e+80
4.53904e+80
4.0894e+80
3.06614e+80
2.36175e+80
3.43848e+80
5.3554e+80
6.94545e+80
7.6168e+80
7.09266e+80
5.50319e+80
3.99626e+80
5.22725e+80
8.37108e+80
1.12361e+81
1.27071e+81
1.22194e+81
9.82581e+80
6.96056e+80
7.97425e+80
1.29934e+81
1.80659e+81
2.1077e+81
2.09157e+81
1.74314e+81
1.23659e+81
1.23008e+81
2.00296e+81
2.88643e+81
3.47587e+81
3.5577e+81
3.0711e+81
2.21961e+81
1.9372e+81
3.0681e+81
4.5818e+81
5.69899e+81
6.01473e+81
5.37286e+81
3.99561e+81
3.14262e+81
4.67601e+81
7.22429e+81
9.28922e+81
1.01082e+82
9.33484e+81
7.17863e+81
5.27324e+81
7.10871e+81
1.13124e+82
1.50509e+82
1.68884e+82
1.61093e+82
1.28362e+82
9.12449e+81
1.08282e+82
1.75902e+82
2.42377e+82
2.80536e+82
2.7619e+82
2.28107e+82
1.61444e+82
1.66417e+82
2.71623e+82
3.87879e+82
4.63319e+82
4.70532e+82
4.02599e+82
2.89259e+82
2.60463e+82
4.16702e+82
6.16733e+82
7.60776e+82
7.96713e+82
7.05597e+82
5.20612e+82
4.19095e+82
6.35784e+82
9.74104e+82
1.24191e+83
1.34095e+83
1.22805e+83
9.36122e+82
6.97227e+82
9.66845e+82
1.52804e+83
2.01529e+83
2.24373e+83
2.12286e+83
1.67622e+83
1.19784e+83
1.47118e+83
2.38026e+83
3.25048e+83
3.73255e+83
3.64557e+83
2.98369e+83
2.10942e+83
2.2541e+83
3.68194e+83
5.21016e+83
6.17355e+83
6.22066e+83
5.27538e+83
3.77065e+83
3.50835e+83
5.65753e+83
8.29798e+83
1.0152e+84
1.05492e+84
9.26217e+83
6.78287e+83
5.60124e+83
8.64267e+83
1.31288e+84
1.65972e+84
1.77822e+84
1.61486e+84
1.2204e+84
9.23817e+83
1.31503e+84
2.06308e+84
2.69739e+84
2.9798e+84
2.79629e+84
2.18804e+84
1.57503e+84
1.99969e+84
3.21944e+84
4.35741e+84
4.96435e+84
4.80998e+84
3.90101e+84
2.75879e+84
3.05622e+84
4.98883e+84
6.99562e+84
8.22295e+84
8.22072e+84
6.90936e+84
4.91718e+84
4.73344e+84
7.67825e+84
1.11599e+85
1.3542e+85
1.39627e+85
1.21527e+85
8.83719e+84
7.50208e+84
1.17455e+85
1.76869e+85
2.21724e+85
2.35719e+85
2.12257e+85
1.59063e+85
1.22671e+85
1.78851e+85
2.78421e+85
3.60894e+85
3.95588e+85
3.68177e+85
2.8551e+85
2.07463e+85
2.71891e+85
4.35252e+85
5.83898e+85
6.60019e+85
6.34369e+85
5.09819e+85
3.61212e+85
4.14729e+85
6.75661e+85
9.38908e+85
1.09486e+86
1.08595e+86
9.04537e+85
6.41569e+85
6.39587e+85
1.04166e+86
1.50027e+86
1.80573e+86
1.84735e+86
1.59381e+86
1.15147e+86
1.00685e+86
1.59574e+86
2.38171e+86
2.96092e+86
3.12346e+86
2.78866e+86
2.07279e+86
1.63253e+86
2.43218e+86
3.75573e+86
4.82668e+86
5.2497e+86
4.84555e+86
3.72425e+86
2.7379e+86
3.69756e+86
5.8817e+86
7.82119e+86
8.77181e+86
8.36293e+86
6.65998e+86
4.73547e+86
5.63179e+86
9.14672e+86
1.25963e+87
1.45723e+87
1.43395e+87
1.18364e+87
8.37639e+86
8.65365e+86
1.41256e+87
2.01601e+87
2.40691e+87
2.44319e+87
2.0893e+87
1.50061e+87
1.35391e+87
2.16725e+87
3.20581e+87
3.95253e+87
4.13724e+87
3.66213e+87
2.70075e+87
2.17741e+87
3.30693e+87
5.06399e+87
6.45281e+87
6.96405e+87
6.37442e+87
4.85649e+87
3.62051e+87
5.02902e+87
7.94455e+87
1.04722e+88
1.16536e+88
1.10203e+88
8.69672e+87
6.21722e+87
7.6519e+87
1.23767e+88
1.68923e+88
1.93881e+88
1.89269e+88
1.54818e+88
1.09452e+88
1.1722e+88
1.91473e+88
2.70792e+88
3.20703e+88
3.22993e+88
2.7376e+88
1.95616e+88
1.82386e+88
2.94239e+88
4.31322e+88
5.27425e+88
5.47796e+88
4.80704e+88
3.51871e+88
2.91052e+88
4.49527e+88
6.82494e+88
8.62349e+88
9.23475e+88
8.38199e+88
6.33119e+88
4.79777e+88
6.84007e+88
1.0726e+89
1.40163e+89
1.54763e+89
1.45158e+89
1.1352e+89
8.1758e+88
1.0401e+89
1.67398e+89
2.26443e+89
2.57858e+89
2.49716e+89
2.02412e+89
1.43155e+89
1.58942e+89
2.59428e+89
3.6358e+89
4.27156e+89
4.26832e+89
3.58544e+89
2.55104e+89
2.46098e+89
3.99324e+89
5.80069e+89
7.03529e+89
7.25032e+89
6.30704e+89
4.58442e+89
3.89874e+89
6.10902e+89
9.1942e+89
1.152e+90
1.22412e+90
1.1017e+90
8.25178e+89
6.3717e+89
9.30281e+89
1.44748e+90
1.87525e+90
2.05453e+90
1.91119e+90
1.48125e+90
1.07704e+90
1.41422e+90
2.26307e+90
3.03429e+90
3.4282e+90
3.29332e+90
2.64522e+90
1.87449e+90
2.15695e+90
3.51346e+90
4.87962e+90
5.68731e+90
5.63826e+90
4.69374e+90
3.32859e+90
3.32559e+90
5.41722e+90
7.79785e+90
9.38082e+90
9.59238e+90
8.27135e+90
5.97346e+90
5.23315e+90
8.29955e+90
1.23806e+91
1.53835e+91
1.62202e+91
1.44738e+91
1.0753e+91
8.48072e+90
1.26507e+91
1.95251e+91
2.50794e+91
2.72643e+91
2.51523e+91
1.93213e+91
1.42155e+91
1.92327e+91
3.05808e+91
4.06427e+91
4.55605e+91
4.3415e+91
3.45548e+91
2.45765e+91
2.92913e+91
4.75619e+91
6.5463e+91
7.56948e+91
7.44488e+91
6.14188e+91
4.34605e+91
4.4999e+91
7.34596e+91
1.04782e+92
1.25037e+92
1.2686e+92
1.08425e+92
7.78479e+91
7.03778e+91
1.12718e+92
1.6664e+92
2.05349e+92
2.14842e+92
1.90069e+92
1.40105e+92
1.13129e+92
1.72004e+92
2.63256e+92
3.3528e+92
3.61669e+92
3.30875e+92
2.51948e+92
1.88005e+92
2.61584e+92
4.1305e+92
5.44173e+92
6.05269e+92
5.72086e+92
4.51212e+92
3.22697e+92
3.97992e+92
6.43559e+92
8.77869e+92
1.00708e+93
9.82637e+92
8.03326e+92
5.67915e+92
6.09586e+92
9.95716e+92
1.40741e+93
1.66599e+93
1.67707e+93
1.42065e+93
1.01483e+93
9.48166e+92
1.53029e+93
2.24197e+93
2.74011e+93
2.84457e+93
2.49484e+93
1.82538e+93
1.51238e+93
2.33811e+93
3.54791e+93
4.48055e+93
4.79584e+93
4.3507e+93
3.28449e+93
2.49171e+93
3.55785e+93
5.57648e+93
7.28319e+93
8.03797e+93
7.53527e+93
5.8896e+93
4.24399e+93
5.40992e+93
8.70403e+93
1.17677e+94
1.33937e+94
1.29643e+94
1.05025e+94
7.42842e+93
8.26587e+93
1.34862e+94
1.88813e+94
2.21688e+94
2.21463e+94
1.85945e+94
1.3227e+94
1.27884e+94
2.07536e+94
3.01168e+94
3.64971e+94
3.76018e+94
3.26944e+94
2.37544e+94
2.02418e+94
3.17426e+94
4.77256e+94
5.97401e+94
6.34575e+94
5.70846e+94
4.27323e+94
3.30456e+94
4.83252e+94
7.51218e+94
9.72153e+94
1.06459e+95
9.8986e+94
7.66681e+94
5.57946e+94
7.34394e+94
1.17429e+95
1.57259e+95
1.77564e+95
1.70499e+95
1.36851e+95
9.70011e+94
1.11955e+95
1.8228e+95
2.52843e+95
2.94457e+95
2.91779e+95
2.42728e+95
1.72092e+95
1.72491e+95
2.81003e+95
4.03978e+95
4.85503e+95
4.96204e+95
4.27563e+95
3.08606e+95
2.7116e+95
4.30441e+95
6.41286e+95
7.95898e+95
8.38719e+95
7.47887e+95
5.55197e+95
4.38877e+95
6.55966e+95
1.01121e+96
1.29716e+96
1.40924e+96
1.29917e+96
9.97097e+95
7.34631e+95
9.96954e+95
1.58358e+96
2.10163e+96
2.35404e+96
2.24162e+96
1.78247e+96
1.26842e+96
1.51764e+96
2.46262e+96
3.38445e+96
3.9096e+96
3.84257e+96
3.16698e+96
2.24061e+96
2.32977e+96
3.80311e+96
5.41647e+96
6.45587e+96
6.54534e+96
5.58878e+96
4.01008e+96
3.63977e+96
5.83484e+96
8.61298e+96
1.05993e+97
1.10809e+97
9.79371e+96
7.21242e+96
5.84234e+96
8.90235e+96
1.36053e+97
1.73012e+97
1.86472e+97
1.70433e+97
1.29634e+97
9.69347e+96
1.35351e+97
2.1345e+97
2.80748e+97
3.11962e+97
2.94585e+97
2.32066e+97
1.66123e+97
2.05843e+97
3.32545e+97
4.52838e+97
5.18888e+97
5.05827e+97
4.13018e+97
2.91982e+97
3.15049e+97
5.14484e+97
7.25912e+97
8.5812e+97
8.63022e+97
7.30174e+97
5.21245e+97
4.89478e+97
7.90639e+97
1.15627e+98
1.41099e+98
1.46337e+98
1.28189e+98
9.36894e+97
7.79522e+97
1.20787e+98
1.82969e+98
2.30667e+98
2.46642e+98
2.23483e+98
1.68492e+98
1.28193e+98
1.83761e+98
2.87572e+98
3.74885e+98
4.13254e+98
3.86956e+98
3.02013e+98
2.17946e+98
2.79309e+98
4.48845e+98
6.05638e+98
6.88406e+98
6.65569e+98
5.38386e+98
3.80893e+98
4.26466e+98
6.95672e+98
9.72442e+98
1.14017e+99
1.13744e+99
9.53517e+98
6.77838e+98
6.59371e+98
1.0709e+99
1.55156e+99
1.87758e+99
1.93177e+99
1.67707e+99
1.21706e+99
1.0424e+99
1.63836e+99
2.45948e+99
3.07412e+99
3.26096e+99
2.92907e+99
2.18946e+99
1.69922e+99
2.49466e+99
3.87249e+99
5.00384e+99
5.47219e+99
5.08062e+99
3.92894e+99
2.8648e+99
3.79108e+99
6.05527e+99
8.0966e+99
9.12945e+99
8.75373e+99
7.01493e+99
4.97492e+99
5.77773e+99
9.4023e+99
1.30214e+100
1.51434e+100
1.49848e+100
1.24458e+100
8.81999e+99
8.89587e+99
1.4499e+100
2.08107e+100
2.49749e+100
2.54904e+100
2.19301e+100
1.58118e+100
1.3969e+100
2.22155e+100
3.30452e+100
4.09527e+100
4.30972e+100
3.83718e+100
2.84457e+100
2.25764e+100
3.38615e+100
5.21229e+100
6.67624e+100
7.24323e+100
6.66766e+100
5.10943e+100
3.77336e+100
5.14658e+100
8.16513e+100
1.08196e+101
1.21025e+101
1.1508e+101
9.13617e+100
6.50704e+100
7.83298e+100
1.27016e+101
1.74286e+101
2.0105e+101
1.97326e+101
1.62374e+101
1.14851e+101
1.20179e+101
1.96215e+101
2.79006e+101
3.32077e+101
3.36215e+101
2.8663e+101
2.05471e+101
1.87567e+101
3.01123e+101
4.4379e+101
5.45346e+101
5.69345e+101
5.02444e+101
3.69525e+101
3.00656e+101
4.59528e+101
7.01235e+101
8.904e+101
9.58363e+101
8.7464e+101
6.64252e+101
4.98083e+101
6.98731e+101
1.10049e+102
1.44524e+102
1.60373e+102
1.51222e+102
1.18939e+102
8.52458e+101
1.0625e+102
1.71505e+102
2.33177e+102
2.66819e+102
2.59736e+102
2.11741e+102
1.49692e+102
1.62546e+102
2.65418e+102
3.73894e+102
4.41369e+102
4.43277e+102
3.74451e+102
2.67097e+102
2.52318e+102
4.08002e+102
5.9573e+102
7.25922e+102
7.51839e+102
6.57594e+102
4.80012e+102
4.0131e+102
6.23459e+102
9.42967e+102
1.18704e+103
1.26752e+103
1.14679e+103
8.63324e+102
6.58956e+102
9.4863e+102
1.48252e+103
1.92971e+103
2.12431e+103
1.98625e+103
1.54778e+103
1.11874e+103
1.4418e+103
2.31465e+103
3.11835e+103
3.53963e+103
3.41736e+103
2.75991e+103
1.95313e+103
2.20064e+103
3.58863e+103
5.00837e+103
5.86402e+103
5.84184e+103
4.88947e+103
3.47371e+103
3.39988e+103
5.5259e+103
7.99331e+103
9.65909e+103
9.92419e+103
8.6024e+103
6.23559e+103
5.36845e+103
8.45616e+103
1.26744e+104
1.58187e+104
1.67573e+104
1.50292e+104
1.1218e+104
8.73811e+103
1.28779e+104
1.99622e+104
2.57553e+104
2.81276e+104
2.60768e+104
2.0134e+104
1.47104e+104
1.95704e+104
3.12239e+104
4.16853e+104
4.69384e+104
4.49426e+104
3.59577e+104
2.55161e+104
2.98179e+104
4.8498e+104
6.70589e+104
7.78786e+104
7.69555e+104
6.3815e+104
4.5205e+104
4.58804e+104
7.48097e+104
1.07204e+105
1.28473e+105
1.30944e+105
1.1248e+105
8.10145e+104
7.19664e+104
1.14655e+105
1.70279e+105
2.10718e+105
2.2145e+105
1.96871e+105
1.45742e+105
1.16143e+105
1.74794e+105
2.68666e+105
3.4361e+105
3.72284e+105
3.42197e+105
2.61821e+105
1.93827e+105
2.65683e+105
4.20999e+105
5.57008e+105
6.22198e+105
5.9079e+105
4.68275e+105
3.33829e+105
4.04289e+105
6.55108e+105
8.97494e+105
1.03388e+106
1.01331e+106
8.3249e+105
5.88729e+105
6.19955e+105
1.01232e+106
1.43716e+106
1.70811e+106
1.72701e+106
1.47001e+106
1.05282e+106
9.66638e+105
1.55401e+106
2.28663e+106
2.80584e+106
2.92531e+106
2.57764e+106
1.89324e+106
1.54733e+106
2.37201e+106
3.6142e+106
4.58236e+106
4.92541e+106
4.48847e+106
3.40363e+106
2.55949e+106
3.60709e+106
5.67372e+106
7.43978e+106
8.24436e+106
7.76272e+106
6.09578e+106
4.37462e+106
5.48438e+106
8.84494e+106
1.20067e+107
1.372e+107
1.3337e+107
1.08551e+107
7.67455e+106
8.38658e+106
1.36926e+107
1.92578e+107
2.27013e+107
2.27679e+107
1.92025e+107
1.36868e+107
1.30072e+107
2.10544e+107
3.06926e+107
3.73466e+107
3.8627e+107
3.37331e+107
2.45932e+107
2.06614e+107
3.21803e+107
4.85971e+107
6.10855e+107
6.51382e+107
5.88461e+107
4.42348e+107
3.3875e+107
4.8971e+107
7.6427e+107
9.93302e+107
1.09198e+108
1.01953e+108
7.93206e+107
5.74295e+107
7.44264e+107
1.19363e+108
1.60558e+108
1.81998e+108
1.75462e+108
1.41479e+108
1.00156e+108
1.1356e+108
1.85118e+108
2.57942e+108
3.01589e+108
3.00031e+108
2.5072e+108
1.7802e+108
1.75314e+108
2.85135e+108
4.11792e+108
4.96899e+108
5.09836e+108
4.41249e+108
3.19482e+108
2.76495e+108
4.36448e+108
6.53142e+108
8.13981e+108
8.61103e+108
7.71142e+108
5.74767e+108
4.4938e+108
6.64781e+108
1.02901e+109
1.32564e+109
1.44577e+109
1.3384e+109
1.03177e+109
7.55402e+108
1.01027e+109
1.61004e+109
2.14614e+109
2.41328e+109
2.30738e+109
1.84313e+109
1.30876e+109
1.53889e+109
2.50154e+109
3.45344e+109
4.00506e+109
3.95206e+109
3.27201e+109
2.31693e+109
2.36637e+109
3.85987e+109
5.52242e+109
6.60867e+109
6.72652e+109
5.76902e+109
4.15094e+109
3.70783e+109
5.91732e+109
8.77417e+109
1.08422e+110
1.13788e+110
1.01006e+110
7.46706e+109
5.97537e+109
9.0229e+109
1.38481e+110
1.76846e+110
1.91342e+110
1.7562e+110
1.34162e+110
9.957e+109
1.37154e+110
2.17067e+110
2.86751e+110
3.19874e+110
3.03291e+110
2.40012e+110
1.71272e+110
2.08672e+110
3.37879e+110
4.62163e+110
5.31659e+110
5.20349e+110
4.26812e+110
3.01792e+110
3.1982e+110
5.22278e+110
7.4027e+110
8.78597e+110
8.87093e+110
7.53898e+110
5.39462e+110
4.98188e+110
8.01968e+110
1.17817e+111
1.4436e+111
1.50302e+111
1.32236e+111
9.6999e+110
7.96387e+110
1.22438e+111
1.86275e+111
2.35824e+111
2.53133e+111
2.30336e+111
1.74401e+111
1.31533e+111
1.8621e+111
2.92512e+111
3.82978e+111
4.23816e+111
3.98481e+111
3.12414e+111
2.24507e+111
2.83094e+111
4.5615e+111
6.18236e+111
7.05483e+111
6.84822e+111
5.5649e+111
3.9348e+111
4.32719e+111
7.0637e+111
9.91884e+111
1.1676e+112
1.1694e+112
9.84725e+111
7.01363e+111
6.70565e+111
1.08647e+112
1.58129e+112
1.92135e+112
1.98451e+112
1.73041e+112
1.26002e+112
1.06382e+112
1.661e+112
2.50448e+112
3.14346e+112
3.34744e+112
3.01958e+112
2.26648e+112
1.74153e+112
2.52802e+112
3.93993e+112
5.11287e+112
5.61313e+112
5.23309e+112
4.06499e+112
2.94826e+112
3.84196e+112
6.15526e+112
8.2667e+112
9.3577e+112
9.00889e+112
7.25239e+112
5.13613e+112
5.86016e+112
9.54907e+112
1.32845e+113
1.55107e+113
1.54091e+113
1.28562e+113
9.12329e+112
9.04039e+112
1.47127e+113
2.1214e+113
2.5562e+113
2.61916e+113
2.26329e+113
1.63689e+113
1.42414e+113
2.25262e+113
3.36575e+113
4.18845e+113
4.42489e+113
3.95665e+113
2.94487e+113
2.31121e+113
3.4317e+113
5.30428e+113
6.82306e+113
7.43122e+113
6.86928e+113
5.28724e+113
3.87936e+113
5.21527e+113
8.30189e+113
1.10491e+114
1.24074e+114
1.1846e+114
9.44741e+113
6.71312e+113
7.94225e+113
1.29028e+114
1.77845e+114
2.05966e+114
2.02956e+114
1.67765e+114
1.18755e+114
1.22055e+114
1.99151e+114
2.84474e+114
3.39947e+114
3.45533e+114
2.95886e+114
2.12683e+114
1.91044e+114
3.05389e+114
4.52112e+114
5.57862e+114
5.84675e+114
5.18207e+114
3.82574e+114
3.07443e+114
4.6576e+114
7.13774e+114
9.1016e+114
9.83428e+114
9.01291e+114
6.8747e+114
5.11529e+114
7.08037e+114
1.11918e+115
1.4762e+115
1.64446e+115
1.55697e+115
1.23015e+115
8.78755e+114
1.07706e+115
1.74262e+115
2.37987e+115
2.73394e+115
2.67203e+115
2.18821e+115
1.54708e+115
1.64993e+115
2.6945e+115
3.81303e+115
4.51916e+115
4.55656e+115
3.86633e+115
2.76422e+115
2.56771e+115
4.13862e+115
6.07035e+115
7.42725e+115
7.72237e+115
6.78381e+115
4.96968e+115
4.09916e+115
6.31996e+115
9.60045e+115
1.21362e+116
1.30092e+116
1.182e+116
8.93615e+115
6.75996e+115
9.61278e+115
1.50805e+116
1.97144e+116
2.17868e+116
2.04548e+116
1.60113e+116
1.15224e+116
1.4613e+116
2.35242e+116
3.18333e+116
3.62755e+116
3.51635e+116
2.85282e+116
2.01747e+116
2.23275e+116
3.64396e+116
5.10868e+116
6.00529e+116
6.00622e+116
5.0497e+116
3.59409e+116
3.45715e+116
5.60641e+116
8.14677e+116
9.88457e+116
1.01955e+117
8.8764e+116
6.45566e+116
5.47775e+116
8.57324e+116
1.29069e+117
1.6176e+117
1.72022e+117
1.54942e+117
1.16128e+117
8.95392e+116
1.30503e+117
2.03106e+117
2.63174e+117
2.8853e+117
2.68604e+117
2.08318e+117
1.51363e+117
1.98327e+117
3.17408e+117
4.25625e+117
4.81136e+117
4.62544e+117
3.71762e+117
2.63398e+117
3.02416e+117
4.9257e+117
6.84164e+117
7.97701e+117
7.91373e+117
6.59214e+117
4.67566e+117
4.66204e+117
7.59155e+117
1.09286e+118
1.31497e+118
1.34551e+118
1.16089e+118
8.38671e+117
7.33578e+117
1.16262e+118
1.7344e+118
2.1552e+118
2.27376e+118
2.03009e+118
1.50882e+118
1.18877e+118
1.77149e+118
2.73418e+118
3.51178e+118
3.81959e+118
3.52559e+118
2.70939e+118
1.99236e+118
2.69227e+118
4.28068e+118
5.68844e+118
6.37897e+118
6.08165e+118
4.84245e+118
3.44357e+118
4.0991e+118
6.65514e+118
9.15851e+118
1.05919e+119
1.04226e+119
8.60165e+118
6.08695e+118
6.29568e+118
1.02751e+119
1.46538e+119
1.74866e+119
1.77494e+119
1.51754e+119
1.08974e+119
9.84404e+118
1.57607e+119
2.32959e+119
2.87033e+119
3.00418e+119
2.65861e+119
1.9601e+119
1.58196e+119
2.40422e+119
3.67897e+119
4.68421e+119
5.0544e+119
4.62541e+119
3.52268e+119
2.62809e+119
3.65513e+119
5.77032e+119
7.59939e+119
8.45401e+119
7.99276e+119
6.30493e+119
4.50891e+119
5.55935e+119
8.98752e+119
1.22548e+120
1.40586e+120
1.37209e+120
1.12185e+120
7.93103e+119
8.51212e+119
1.39011e+120
1.96401e+120
2.32446e+120
2.34045e+120
1.9828e+120
1.41641e+120
1.32349e+120
2.13575e+120
3.12762e+120
3.82123e+120
3.96764e+120
3.48009e+120
2.54618e+120
2.11005e+120
3.26218e+120
4.94791e+120
6.24554e+120
6.68572e+120
6.06553e+120
4.57878e+120
3.47443e+120
4.96243e+120
7.77463e+120
1.01481e+121
1.11996e+121
1.04997e+121
8.20576e+120
5.91397e+120
7.54312e+120
1.21315e+121
1.63909e+121
1.86525e+121
1.80551e+121
1.46247e+121
1.03444e+121
1.15209e+121
1.87979e+121
2.63118e+121
3.08865e+121
3.08484e+121
2.58947e+121
1.8418e+121
1.78244e+121
2.893e+121
4.19713e+121
5.08515e+121
5.23792e+121
4.55321e+121
3.30755e+121
2.82075e+121
4.42503e+121
6.65146e+121
8.32396e+121
8.84e+121
7.95031e+121
5.95005e+121
4.60389e+121
6.73688e+121
1.04702e+122
1.35462e+122
1.4831e+122
1.37867e+122
1.06756e+122
7.77144e+121
1.0238e+122
1.63675e+122
2.19138e+122
2.47378e+122
2.37481e+122
1.90566e+122
1.35085e+122
1.56066e+122
2.54079e+122
3.52347e+122
4.10247e+122
4.06426e+122
3.38015e+122
2.39631e+122
2.40427e+122
3.91707e+122
5.62986e+122
6.76446e+122
6.91204e+122
5.95439e+122
4.29702e+122
3.77889e+122
6.00044e+122
8.93741e+122
1.10896e+123
1.16837e+123
1.04159e+123
7.73053e+122
6.11479e+122
9.14459e+122
1.40936e+123
1.80747e+123
1.96322e+123
1.80944e+123
1.38839e+123
1.0233e+123
1.38983e+123
2.2072e+123
2.92855e+123
3.27955e+123
3.12222e+123
2.48206e+123
1.76649e+123
2.11563e+123
3.4326e+123
4.71632e+123
5.44693e+123
5.35234e+123
4.41018e+123
3.12003e+123
3.24748e+123
5.30133e+123
7.54833e+123
8.9948e+123
9.11744e+123
7.78304e+123
5.58366e+123
5.07267e+123
8.13382e+123
1.20035e+124
1.47683e+124
1.54359e+124
1.36396e+124
1.00425e+124
8.14054e+123
1.24104e+124
1.89621e+124
2.41073e+124
2.59771e+124
2.37372e+124
1.80505e+124
1.35033e+124
1.8869e+124
2.97505e+124
3.91208e+124
4.34608e+124
4.10304e+124
3.23144e+124
2.31365e+124
2.86955e+124
4.63522e+124
6.31034e+124
7.22916e+124
7.0456e+124
5.75141e+124
4.06593e+124
4.39161e+124
7.17154e+124
1.01161e+125
1.19558e+125
1.20215e+125
1.01684e+125
7.25793e+124
6.82208e+124
1.10215e+125
1.61142e+125
1.96596e+125
2.03849e+125
1.78526e+125
1.30452e+125
1.08623e+125
1.68383e+125
2.55004e+125
3.21405e+125
3.43589e+125
3.11253e+125
2.3461e+125
1.78588e+125
2.56176e+125
4.00809e+125
5.22378e+125
5.75716e+125
5.38955e+125
4.20539e+125
3.03556e+125
3.89374e+125
6.25619e+125
8.43953e+125
9.59078e+125
9.27051e+125
7.4971e+125
5.30422e+125
5.94485e+125
9.69705e+125
1.35515e+126
1.58854e+126
1.58438e+126
1.32785e+126
9.43851e+125
9.19037e+125
1.49281e+126
2.16229e+126
2.61604e+126
2.69094e+126
2.33557e+126
1.69462e+126
1.45263e+126
2.28393e+126
3.42774e+126
4.28335e+126
4.5427e+126
4.07938e+126
3.0486e+126
2.36737e+126
3.47772e+126
5.3973e+126
6.97244e+126
7.62338e+126
7.07624e+126
5.4708e+126
3.99033e+126
5.28503e+126
8.43999e+126
1.12824e+127
1.27189e+127
1.21927e+127
9.76827e+126
6.9282e+126
8.0542e+126
1.31058e+127
1.81458e+127
2.10982e+127
2.08725e+127
1.73316e+127
1.22816e+127
1.23996e+127
2.0211e+127
2.90019e+127
3.47972e+127
3.55075e+127
3.05405e+127
2.20164e+127
1.94674e+127
3.09688e+127
4.60541e+127
5.70612e+127
6.00361e+127
5.34405e+127
3.96075e+127
3.14556e+127
4.7205e+127
7.26456e+127
9.30269e+127
1.00905e+128
9.28652e+127
7.11451e+127
5.25614e+127
7.17472e+127
1.13806e+128
1.50767e+128
1.68606e+128
1.60288e+128
1.27219e+128
9.06224e+127
1.09194e+128
1.77045e+128
2.42872e+128
2.80106e+128
2.74856e+128
2.26113e+128
1.5993e+128
1.67519e+128
2.73513e+128
3.88818e+128
4.62673e+128
4.68335e+128
3.99165e+128
2.861e+128
2.61411e+128
4.19767e+128
6.18488e+128
7.59846e+128
7.93112e+128
6.99747e+128
5.14523e+128
4.1893e+128
6.40607e+128
9.77325e+128
1.24067e+129
1.33508e+129
1.21816e+129
9.24914e+128
6.93853e+128
9.74084e+128
1.53384e+129
2.01387e+129
2.23423e+129
2.10625e+129
1.65618e+129
1.18726e+129
1.48118e+129
2.39053e+129
3.24933e+129
3.71732e+129
3.61783e+129
2.94855e+129
2.08451e+129
2.26581e+129
3.69974e+129
5.21048e+129
6.1494e+129
6.17461e+129
5.2146e+129
3.71913e+129
3.5167e+129
5.68751e+129
8.30229e+129
1.01144e+130
1.04732e+130
9.15809e+129
6.68364e+129
5.59213e+129
8.69129e+129
1.31421e+130
1.65398e+130
1.76574e+130
1.59718e+130
1.2021e+130
9.18013e+129
1.32246e+130
2.06629e+130
2.68892e+130
2.95944e+130
2.76645e+130
2.1552e+130
1.5582e+130
2.00996e+130
3.22625e+130
4.34539e+130
4.93136e+130
4.75994e+130
3.84321e+130
2.71989e+130
3.06766e+130
5.00223e+130
6.97942e+130
8.16999e+130
8.13729e+130
6.80898e+130
4.83695e+130
4.73881e+130
7.70297e+130
1.11396e+131
1.3458e+131
1.38243e+131
1.19801e+131
8.6824e+130
7.48121e+130
1.17882e+131
1.76641e+131
2.2041e+131
2.33437e+131
2.09314e+131
1.56199e+131
1.21741e+131
1.79527e+131
2.78223e+131
3.58879e+131
3.91849e+131
3.63194e+131
2.80354e+131
2.049e+131
2.72825e+131
4.35206e+131
5.80875e+131
6.53932e+131
6.25984e+131
5.00709e+131
3.55345e+131
4.15666e+131
6.76009e+131
9.3449e+131
1.08503e+132
1.07192e+132
8.88662e+131
6.29467e+131
6.39514e+131
1.04282e+132
1.494e+132
1.78999e+132
1.82402e+132
1.56643e+132
1.12805e+132
1.00295e+132
1.59831e+132
2.37312e+132
2.93603e+132
3.08488e+132
2.74182e+132
2.0293e+132
1.61824e+132
2.43674e+132
3.74448e+132
4.78786e+132
5.18627e+132
4.76601e+132
3.64565e+132
2.69996e+132
3.70382e+132
5.8679e+132
7.76168e+132
8.66818e+132
8.22873e+132
6.52063e+132
4.64921e+132
5.63593e+132
9.13137e+132
1.25068e+133
1.44042e+133
1.41144e+133
1.15928e+133
8.19808e+132
8.64167e+132
1.41112e+133
2.0028e+133
2.37986e+133
2.40566e+133
2.04715e+133
1.46596e+133
1.34721e+133
2.16629e+133
3.18675e+133
3.90945e+133
4.07503e+133
3.58983e+133
2.63613e+133
2.15605e+133
3.3067e+133
5.03717e+133
6.38499e+133
6.86149e+133
6.25132e+133
4.73926e+133
3.56553e+133
5.02855e+133
7.90794e+133
1.03669e+134
1.14855e+134
1.08121e+134
8.48815e+133
6.09278e+133
7.64552e+133
1.23286e+134
1.67313e+134
1.91146e+134
1.85769e+134
1.5116e+134
1.06872e+134
1.16905e+134
1.90864e+134
2.68371e+134
3.16287e+134
3.17144e+134
2.67413e+134
1.90579e+134
1.8129e+134
2.93495e+134
4.27742e+134
5.20354e+134
5.38077e+134
4.69789e+134
3.42433e+134
2.87913e+134
4.48607e+134
6.77297e+134
8.51147e+134
9.07419e+134
8.19569e+134
6.15928e+134
4.71929e+134
6.82692e+134
1.06521e+135
1.3841e+135
1.52126e+135
1.42e+135
1.1045e+135
7.99896e+134
1.03755e+135
1.66372e+135
2.23735e+135
2.53556e+135
2.44395e+135
1.9701e+135
1.39476e+135
1.58301e+135
2.58037e+135
3.59456e+135
4.20185e+135
4.17921e+135
3.49147e+135
2.47884e+135
2.44357e+135
3.97471e+135
5.73879e+135
6.92327e+135
7.10197e+135
6.14503e+135
4.44846e+135
3.85315e+135
6.08421e+135
9.10271e+135
1.13416e+136
1.19956e+136
1.07398e+136
8.00304e+135
6.26093e+135
9.2675e+135
1.43418e+136
1.84716e+136
2.01411e+136
1.8641e+136
1.43667e+136
1.05221e+136
1.40839e+136
2.2441e+136
2.99059e+136
3.3621e+136
3.21383e+136
2.56654e+136
1.82263e+136
2.14524e+136
3.48687e+136
4.81248e+136
5.57995e+136
5.50488e+136
4.55647e+136
3.22628e+136
3.29844e+136
5.38049e+136
7.69603e+136
9.20774e+136
9.36988e+136
8.03409e+136
5.77978e+136
5.16739e+136
8.24884e+136
1.22282e+137
1.51068e+137
1.58511e+137
1.4067e+137
1.03971e+137
8.32565e+136
1.25785e+137
1.93005e+137
2.46416e+137
2.66558e+137
2.44597e+137
1.86811e+137
1.387e+137
1.91203e+137
3.02548e+137
3.99576e+137
4.45632e+137
4.22434e+137
3.34211e+137
2.38531e+137
2.90896e+137
4.70959e+137
6.44032e+137
7.40712e+137
7.24793e+137
5.94353e+137
4.20249e+137
4.45805e+137
7.28023e+137
1.03163e+138
1.22412e+138
1.23568e+138
1.04988e+138
7.51154e+137
6.94332e+137
1.11794e+138
1.64195e+138
2.01141e+138
2.09373e+138
1.84163e+138
1.3506e+138
1.1097e+138
1.70685e+138
2.59614e+138
3.28593e+138
3.52634e+138
3.20799e+138
2.42837e+138
1.83235e+138
2.59591e+138
4.07698e+138
5.33658e+138
5.90434e+138
5.5501e+138
4.35024e+138
3.12686e+138
3.94649e+138
6.35806e+138
8.61513e+138
9.82874e+138
9.53875e+138
7.74925e+138
5.47941e+138
6.03195e+138
9.84623e+138
1.38225e+139
1.62676e+139
1.62891e+139
1.37132e+139
9.76599e+138
9.34619e+138
1.51452e+139
2.20373e+139
2.67704e+139
2.76442e+139
2.40988e+139
1.75444e+139
1.48243e+139
2.3155e+139
3.49049e+139
4.37999e+139
4.6632e+139
4.20545e+139
3.15586e+139
2.42624e+139
3.52424e+139
5.49133e+139
7.12441e+139
7.81977e+139
7.28863e+139
5.66027e+139
4.10646e+139
5.35595e+139
8.57941e+139
1.15195e+140
1.3037e+140
1.25481e+140
1.0099e+140
7.15256e+139
8.16904e+139
1.33105e+140
1.85125e+140
2.161e+140
2.14637e+140
1.79031e+140
1.27038e+140
1.26008e+140
2.05091e+140
2.95641e+140
3.56154e+140
3.64845e+140
3.15196e+140
2.27919e+140
1.98466e+140
3.14021e+140
4.69077e+140
5.83598e+140
6.16408e+140
5.51047e+140
4.10042e+140
3.2201e+140
4.78402e+140
7.39282e+140
9.50732e+140
1.03525e+141
9.5674e+140
7.36212e+140
5.40364e+140
7.27046e+140
1.15713e+141
1.53966e+141
1.72856e+141
1.64997e+141
1.31554e+141
9.34905e+140
1.10717e+141
1.79851e+141
2.47832e+141
2.86956e+141
2.827e+141
2.33622e+141
1.65364e+141
1.70131e+141
2.77607e+141
3.96441e+141
4.73642e+141
4.81318e+141
4.12057e+141
2.96141e+141
2.6625e+141
4.25716e+141
6.3009e+141
7.7729e+141
8.14472e+141
7.21704e+141
5.32692e+141
4.28373e+141
6.49297e+141
9.94806e+141
1.26821e+142
1.37e+142
1.25528e+142
9.57248e+141
7.12562e+141
9.87057e+141
1.55991e+142
2.05702e+142
2.29098e+142
2.1686e+142
1.71295e+142
1.22386e+142
1.50147e+142
2.42899e+142
3.31638e+142
3.80895e+142
3.72186e+142
3.04716e+142
2.15433e+142
2.29989e+142
3.75595e+142
5.31375e+142
6.29639e+142
6.34709e+142
5.38427e+142
3.84895e+142
3.57868e+142
5.76923e+142
8.45989e+142
1.03485e+143
1.07574e+143
9.44765e+142
6.91973e+142
5.71188e+142
8.81033e+142
1.33802e+143
1.69103e+143
1.81228e+143
1.64623e+143
1.24428e+143
9.41723e+142
1.34009e+143
2.10188e+143
2.74708e+143
3.03519e+143
2.84897e+143
2.22951e+143
1.60482e+143
2.03713e+143
3.27892e+143
4.43596e+143
5.05388e+143
4.89784e+143
3.97261e+143
2.80945e+143
3.11238e+143
5.07938e+143
7.11926e+143
8.36687e+143
8.36631e+143
7.03215e+143
5.00454e+143
4.81854e+143
7.81523e+143
1.13535e+144
1.37722e+144
1.42023e+144
1.23618e+144
8.98881e+143
7.63332e+143
1.19514e+144
1.79882e+144
2.25391e+144
2.39638e+144
2.15791e+144
1.61697e+144
1.24744e+144
1.8193e+144
2.83082e+144
3.66713e+144
4.01957e+144
3.7411e+144
2.90072e+144
2.10827e+144
2.76481e+144
4.42413e+144
5.93102e+144
6.70307e+144
6.44258e+144
5.1768e+144
3.66811e+144
4.21568e+144
6.86593e+144
9.53413e+144
1.11138e+145
1.10232e+145
9.18001e+144
6.51067e+144
6.49817e+144
1.05824e+145
1.52302e+145
1.83214e+145
1.87427e+145
1.6167e+145
1.16776e+145
1.02231e+145
1.62072e+145
2.41719e+145
3.00295e+145
3.16745e+145
2.82732e+145
2.10088e+145
1.65627e+145
2.46957e+145
3.81074e+145
4.89334e+145
5.32108e+145
4.91035e+145
3.77264e+145
2.77523e+145
3.75322e+145
5.96646e+145
7.92665e+145
8.88694e+145
8.47078e+145
6.74304e+145
4.79573e+145
5.71425e+145
9.27648e+145
1.27626e+146
1.47569e+146
1.45177e+146
1.19782e+146
8.47601e+145
8.77552e+145
1.4323e+146
2.04214e+146
2.43636e+146
2.47244e+146
2.11335e+146
1.51737e+146
1.37193e+146
2.19706e+146
3.24665e+146
3.99933e+146
4.18492e+146
3.70263e+146
2.72923e+146
2.20423e+146
3.35163e+146
5.12747e+146
6.52694e+146
7.04122e+146
6.44209e+146
4.90505e+146
3.66098e+146
5.09552e+146
8.04263e+146
1.05894e+147
1.17777e+147
1.11325e+147
8.77942e+146
6.27968e+146
7.74999e+146
1.25274e+147
1.70772e+147
1.95865e+147
1.91117e+147
1.56221e+147
1.10442e+147
1.18654e+147
1.93771e+147
2.737e+147
3.23858e+147
3.26014e+147
2.76125e+147
1.97224e+147
1.8446e+147
2.97722e+147
4.35878e+147
5.32419e+147
5.52697e+147
4.84662e+147
3.54528e+147
2.94024e+147
4.54763e+147
6.89594e+147
8.70239e+147
9.31369e+147
8.44771e+147
6.37553e+147
4.84024e+147
6.918e+147
1.08361e+148
1.41408e+148
1.56025e+148
1.46241e+148
1.14262e+148
8.23694e+147
1.05156e+148
1.69095e+148
2.28406e+148
2.59864e+148
2.51485e+148
2.03651e+148
1.44053e+148
1.60598e+148
2.62027e+148
3.66671e+148
4.30325e+148
4.29699e+148
3.60605e+148
2.56459e+148
2.48437e+148
4.03278e+148
5.84922e+148
7.08516e+148
7.29641e+148
6.34105e+148
4.6054e+148
3.9308e+148
6.16865e+148
9.27006e+148
1.15983e+149
1.23146e+149
1.10726e+149
8.28485e+148
6.41411e+148
9.39169e+148
1.45928e+149
1.88755e+149
2.06614e+149
1.9202e+149
1.48651e+149
1.08246e+149
1.42724e+149
2.28135e+149
3.05365e+149
3.4464e+149
3.30777e+149
2.65362e+149
1.88122e+149
2.17557e+149
3.5416e+149
4.9101e+149
5.71568e+149
5.66119e+149
4.70708e+149
3.33678e+149
3.35121e+149
5.46026e+149
7.84581e+149
9.42484e+149
9.62835e+149
8.2923e+149
5.98316e+149
5.26629e+149
8.36475e+149
1.24558e+150
1.54517e+150
1.62759e+150
1.45062e+150
1.07639e+150
8.51964e+149
1.27482e+150
1.96428e+150
2.51853e+150
2.73496e+150
2.52015e+150
1.93323e+150
1.42541e+150
1.93752e+150
3.07642e+150
4.08083e+150
4.56894e+150
4.34876e+150
3.45622e+150
2.46015e+150
2.94926e+150
4.78462e+150
6.57232e+150
7.58875e+150
7.45529e+150
6.14139e+150
4.34463e+150
4.52667e+150
7.38977e+150
1.05193e+151
1.25322e+151
1.27003e+151
1.08388e+151
7.77474e+150
7.06968e+150
1.13386e+151
1.67288e+151
2.05772e+151
2.15027e+151
1.89957e+151
1.39831e+151
1.13428e+151
1.73008e+151
2.64278e+151
3.35909e+151
3.61883e+151
3.30602e+151
2.51338e+151
1.88105e+151
2.63048e+151
4.14659e+151
5.45128e+151
6.05471e+151
5.71481e+151
4.49968e+151
3.2223e+151
4.00029e+151
6.46085e+151
8.79352e+151
1.00717e+152
9.81373e+151
8.00901e+151
5.66194e+151
6.12167e+151
9.99662e+151
1.40975e+152
1.66576e+152
1.67453e+152
1.41605e+152
1.01061e+152
9.50826e+151
1.53638e+152
2.24573e+152
2.7392e+152
2.83963e+152
2.48627e+152
1.8164e+152
1.51361e+152
2.34733e+152
3.554e+152
4.47838e+152
4.78644e+152
4.33494e+152
3.26672e+152
2.48794e+152
3.57129e+152
5.58637e+152
7.27899e+152
8.02047e+152
7.5066e+152
5.8558e+152
4.22795e+152
5.42811e+152
8.72014e+152
1.17604e+153
1.33617e+153
1.29126e+153
1.04398e+153
7.38652e+152
8.287e+152
1.35168e+153
1.88848e+153
2.21322e+153
2.20693e+153
1.84914e+153
1.31426e+153
1.28096e+153
2.08095e+153
3.01341e+153
3.64493e+153
3.74847e+153
3.25263e+153
2.35957e+153
2.0243e+153
3.18388e+153
4.77719e+153
5.96824e+153
6.32823e+153
5.68144e+153
4.24487e+153
3.29824e+153
4.84819e+153
7.5225e+153
9.71552e+153
1.06202e+154
9.8557e+153
7.61776e+153
5.55805e+153
7.3677e+153
1.17639e+154
1.57218e+154
1.77196e+154
1.69826e+154
1.36023e+154
9.64839e+153
1.12276e+154
1.82681e+154
2.52868e+154
2.93946e+154
2.90737e+154
2.41354e+154
1.71017e+154
1.72834e+154
2.81733e+154
4.04171e+154
4.84825e+154
4.94613e+154
4.25318e+154
3.06556e+154
2.71302e+154
4.31711e+154
6.41841e+154
7.95059e+154
8.36326e+154
7.44267e+154
5.51493e+154
4.3827e+154
6.58068e+154
1.01249e+155
1.29624e+155
1.40571e+155
1.2934e+155
9.90642e+154
7.32161e+154
1.00021e+155
1.58623e+155
2.10088e+155
2.34895e+155
2.23255e+155
1.7715e+155
1.26208e+155
1.5222e+155
2.46778e+155
3.38447e+155
3.90248e+155
3.82848e+155
3.14872e+155
2.22703e+155
2.33507e+155
3.81261e+155
5.41852e+155
6.44629e+155
6.52373e+155
5.55883e+155
3.98369e+155
3.64326e+155
5.85157e+155
8.61956e+155
1.05872e+156
1.10482e+156
9.74526e+155
7.16416e+155
5.83731e+155
8.93041e+155
1.36211e+156
inf
inf
inf
1.28786e+156
9.6657e+155
1.35795e+156
inf
inf
inf
inf
inf
inf
inf
inf
inf
inf
inf
inf
inf
inf
inf
inf
inf
inf
inf
inf
inf
inf
inf
inf
inf
inf
inf
inf
inf
inf
inf
inf
inf
inf
inf
inf
inf
inf
inf
inf
inf
inf
inf
inf
inf
inf
inf
inf
inf
inf
inf
inf
inf
inf
inf
inf
inf
inf
inf
inf
inf
inf
inf
inf
inf
inf
inf
inf
inf
inf
inf
inf
inf
inf
inf
inf
inf
inf
inf
inf
inf
inf
inf
inf
inf
inf
inf
inf
inf
inf
inf
inf
inf
inf
inf
inf
inf
inf
inf
inf
inf
inf
inf
inf
inf
inf
inf
inf
inf
inf
inf
inf
inf
inf
inf
inf
inf
inf
inf
inf
inf
inf
inf
inf
inf
inf
inf
inf
inf
inf
inf
inf
inf
inf
inf
inf
inf
inf
inf
inf
inf
inf
inf
inf
inf
inf
inf
inf
inf
inf
inf
inf
inf
inf
inf
inf
inf
inf
inf
inf
inf
inf
inf
inf
inf
inf
inf
inf
inf
inf
inf
inf
inf
inf
inf
inf
inf
inf
inf
inf
inf
inf
inf
inf
inf
inf
inf
inf
inf
inf
inf
inf
inf
inf
inf
inf
inf
inf
inf
inf
inf
inf
inf
inf
inf
inf
inf
inf
inf
inf
inf
inf
inf
inf
inf
inf
inf
inf
inf
inf
inf
inf
inf
inf
inf
inf
inf
inf
inf
inf
inf
inf
inf
inf
inf
inf
inf
inf
inf
inf
inf
inf
inf
inf
inf
inf
inf
inf
inf
inf
inf
inf
inf
inf
inf
inf
inf
inf
inf
inf
inf
inf
inf
inf
inf
inf
inf
inf
inf
inf
inf
inf
inf
inf
inf
inf
inf
inf
inf
inf
inf
inf
inf
inf
inf
inf
inf
inf
inf
inf
inf
inf
inf
inf
inf
inf
inf
inf
inf
inf
inf
inf
inf
inf
inf
inf
inf
inf
inf
inf
inf
inf
inf
inf
inf
inf
inf
inf
inf
inf
inf
inf
inf
inf
inf
inf
inf
inf
inf
inf
inf
inf
inf
inf
inf
inf
inf
inf
inf
inf
inf
inf
inf
inf
inf
inf
inf
inf
inf
inf
inf
inf
inf
inf
inf
inf
inf
inf
inf
inf
inf
inf
inf
inf
inf
inf
inf
inf
inf
inf
inf
inf
inf
inf
inf
inf
inf
inf
inf
inf
inf
inf
inf
inf
inf
inf
inf
inf
inf
inf
inf
inf
inf
inf
inf
inf
inf
inf
inf
inf
inf
inf
inf
inf
inf
inf
inf
inf
inf
inf
inf
inf
inf
inf
inf
inf
inf
inf
inf
inf
inf
inf
inf
inf
inf
inf
inf
inf
inf
inf
inf
inf
inf
inf
inf
inf
inf
inf
inf
inf
inf
inf
inf
inf
inf
inf
inf
inf
inf
inf
inf
inf
inf
inf
inf
inf
inf
inf
inf
inf
inf
inf
inf
inf
inf
inf
inf
inf
inf
inf
inf
inf
inf
inf
inf
inf
inf
inf
inf
inf
inf
inf
inf
inf
inf
inf
inf
inf
inf
inf
inf
inf
inf
inf
inf
inf
inf
inf
inf
inf
inf
inf
inf
inf
inf
inf
inf
inf
inf
inf
inf
inf
inf
inf
inf
inf
inf
inf
inf
inf
inf
inf
inf
inf
inf
inf
inf
inf
inf
inf
inf
inf
inf
inf
inf
inf
inf
inf
inf
inf
inf
inf
inf
inf
inf
inf
inf
inf
inf
inf
inf
inf
inf
inf
inf
inf
inf
inf
inf
inf
inf
inf
inf
inf
inf
inf
inf
inf
inf
inf
inf
inf
inf
inf
inf
inf
inf
inf
inf
inf
inf
inf
inf
inf
inf
inf
inf
inf
inf
inf
inf
inf
inf
inf
inf
inf
inf
inf
inf
inf
inf
inf
inf
inf
inf
inf
inf
inf
inf
inf
inf
inf
inf
inf
inf
inf
inf
inf
inf
inf
inf
inf
inf
inf
inf
inf
inf
inf
inf
inf
inf
inf
inf
inf
inf
inf
inf
inf
inf
inf
inf
inf
inf
inf
inf
inf
inf
inf
inf
inf
inf
inf
inf
inf
inf
inf
inf
inf
inf
inf
inf
inf
inf
inf
inf
inf
inf
inf
inf
inf
inf
inf
inf
inf
inf
inf
inf
inf
inf
inf
inf
inf
inf
inf
inf
inf
inf
inf
inf
inf
inf
inf
inf
inf
inf
inf
inf
inf
inf
inf
inf
inf
inf
inf
inf
inf
inf
inf
inf
inf
inf
inf
inf
inf
inf
inf
inf
inf
inf
inf
inf
inf
inf
inf
inf
inf
inf
inf
inf
inf
inf
inf
inf
inf
inf
inf
inf
inf
inf
inf
inf
inf
inf
inf
inf
inf
inf
inf
inf
inf
inf
inf
inf
inf
inf
inf
inf
inf
inf
inf
inf
inf
inf
inf
inf
inf
inf
inf
inf
inf
inf
inf
inf
inf
inf
inf
inf
inf
inf
inf
inf
inf
inf
inf
inf
inf
inf
inf
inf
inf
inf
inf
inf
inf
inf
inf
inf
inf
inf
inf
inf
inf
inf
inf
inf
inf
inf
inf
inf
inf
inf
inf
inf
inf
inf
inf
inf
inf
inf
inf
inf
inf
inf
inf
inf
inf
inf
inf
inf
inf
inf
inf
inf
inf
inf
inf
inf
inf
inf
inf
inf
inf
inf
inf
inf
inf
inf
inf
inf
inf
inf
inf
inf
inf
inf
inf
inf
inf
inf
inf
inf
inf
inf
inf
inf
inf
inf
inf
inf
inf
inf
inf
inf
inf
inf
inf
inf
inf
inf
inf
inf
inf
inf
inf
inf
inf
inf
inf
inf
inf
inf
inf
inf
inf
inf
inf
inf
inf
inf
inf
inf
inf
inf
inf
inf
inf
inf
inf
inf
inf
inf
inf
inf
inf
inf
inf
inf
inf
inf
inf
inf
inf
inf
inf
inf
inf
inf
inf
inf
inf
inf
inf
inf
inf
inf
inf
inf
inf
inf
inf
inf
inf
inf
inf
inf
inf
inf
inf
inf
inf
inf
inf
inf
inf
inf
inf
inf
inf
inf
inf
inf
inf
inf
inf
inf
inf
inf
inf
inf
inf
inf
inf
inf
inf
inf
inf
inf
inf
inf
inf
inf
inf
inf
inf
inf
inf
inf
inf
inf
inf
inf
inf
inf
inf
inf
inf
inf
inf
inf
inf
inf
inf
inf
inf
inf
inf
inf
inf
inf
inf
inf
inf
inf
inf
inf
inf
inf
inf
inf
inf
inf
inf
inf
inf
inf
inf
inf
inf
inf
inf
inf
inf
inf
inf
inf
inf
inf
inf
inf
inf
inf
inf
inf
inf
inf
inf
inf
inf
inf
inf
inf
inf
inf
inf
inf
inf
inf
inf
inf
inf
inf
inf
inf
inf
inf
inf
inf
inf
inf
inf
inf
inf
inf
inf
inf
inf
inf
inf
inf
inf
inf
inf
inf
inf
inf
inf
inf
inf
inf
inf
inf
inf
inf
inf
inf
inf
inf
inf
inf
inf
inf
inf
inf
inf
inf
inf
inf
inf
inf
inf
inf
inf
inf
inf
inf
inf
inf
inf
inf
inf
inf
inf
inf
inf
inf
inf
inf
inf
inf
inf
inf
inf
inf
inf
inf
inf
inf
inf
inf
inf
inf
inf
inf
inf
inf
inf
inf
inf
inf
inf
inf
inf
inf
inf
inf
inf
inf
inf
inf
inf
inf
inf
inf
inf
inf
inf
inf
inf
inf
inf
inf
inf
inf
inf
inf
inf
inf
inf
inf
inf
inf
inf
inf
inf
inf
inf
inf
inf
inf
inf
inf
inf
inf
inf
inf
inf
inf
inf
inf
inf
inf
inf
inf
inf
inf
inf
inf
inf
inf
inf
inf
inf
inf
inf
inf
inf
inf
inf
inf
inf
inf
inf
inf
inf
inf
inf
inf
inf
inf
inf
inf
inf
inf
inf
inf
inf
inf
inf
inf
inf
inf
inf
inf
inf
inf
inf
inf
inf
inf
inf
inf
inf
inf
inf
inf
inf
inf
inf
inf
inf
inf
inf
inf
inf
inf
inf
inf
inf
inf
inf
inf
inf
inf
inf
inf
inf
inf
inf
inf
inf
inf
inf
inf
inf
inf
inf
inf
inf
inf
inf
inf
inf
inf
inf
inf
inf
inf
inf
inf
inf
inf
inf
inf
inf
inf
inf
inf
inf
inf
inf
inf
inf
inf
inf
inf
inf
inf
inf
inf
inf
inf
inf
inf
inf
inf
inf
inf
inf
inf
inf
inf
inf
inf
inf
inf
inf
inf
inf
inf
inf
inf
inf
inf
inf
inf
inf
inf
inf
inf
inf
inf
inf
inf
inf
inf
inf
inf
inf
inf
inf
inf
inf
inf
inf
inf
inf
inf
inf
inf
inf
inf
inf
inf
inf
inf
inf
inf
inf
inf
inf
inf
inf
inf
inf
inf
inf
inf
inf
inf
inf
inf
inf
inf
inf
inf
inf
inf
inf
inf
inf
inf
inf
inf
inf
inf
inf
inf
inf
inf
inf
inf
inf
inf
inf
inf
inf
inf
inf
inf
inf
inf
inf
inf
inf
inf
inf
inf
inf
inf
inf
inf
inf
inf
inf
inf
inf
inf
inf
inf
inf
inf
inf
inf
inf
inf
inf
inf
inf
inf
inf
inf
inf
inf
inf
inf
inf
inf
inf
inf
inf
inf
inf
inf
inf
inf
inf
inf
inf
inf
inf
inf
inf
inf
inf
inf
inf
inf
inf
inf
inf
inf
inf
inf
inf
inf
inf
inf
inf
inf
inf
inf
inf
inf
inf
inf
inf
inf
inf
inf
inf
inf
inf
inf
inf
inf
inf
inf
inf
inf
inf
inf
inf
inf
inf
inf
inf
inf
inf
inf
inf
inf
inf
inf
inf
inf
inf
inf
inf
inf
inf
inf
inf
inf
inf
inf
inf
inf
inf
inf
inf
inf
inf
inf
inf
inf
inf
inf
inf
inf
inf
inf
inf
inf
inf
inf
inf
inf
inf
inf
inf
inf
inf
inf
inf
inf
inf
inf
inf
inf
inf
inf
inf
inf
inf
inf
inf
inf
inf
inf
inf
inf
inf
inf
inf
inf
inf
inf
inf
inf
inf
inf
inf
inf
inf
inf
inf
inf
inf
inf
inf
inf
inf
inf
inf
inf
inf
inf
inf
inf
inf
inf
inf
inf
inf
inf
inf
inf
inf
inf
inf
inf
inf
inf
inf
inf
inf
inf
inf
inf
inf
inf
inf
inf
inf
inf
inf
inf
inf
inf
inf
inf
inf
inf
inf
inf
inf
inf
inf
inf
inf
inf
inf
inf
inf
inf
inf
inf
inf
inf
inf
inf
inf
inf
inf
inf
inf
inf
inf
inf
inf
inf
inf
inf
inf
inf
inf
inf
inf
inf
inf
inf
inf
inf
inf
inf
inf
inf
inf
inf
inf
inf
inf
inf
inf
inf
inf
inf
inf
inf
inf
inf
inf
inf
inf
inf
inf
inf
inf
inf
inf
inf
inf
inf
inf
inf
inf
inf
inf
inf
inf
inf
inf
inf
inf
inf
inf
inf
inf
inf
inf
inf
inf
inf
inf
inf
inf
inf
inf
inf
inf
inf
inf
inf
inf
inf
inf
inf
inf
inf
inf
inf
inf
inf
inf
inf
inf
inf
inf
inf
inf
inf
inf
inf
inf
inf
inf
inf
inf
inf
inf
inf
inf
inf
inf
inf
inf
inf
inf
inf
inf
inf
inf
inf
inf
inf
inf
inf
inf
inf
inf
inf
inf
inf
inf
inf
inf
inf
inf
inf
inf
inf
inf
inf
inf
inf
inf
inf
inf
inf
inf
inf
inf
inf
inf
inf
inf
inf
inf
inf
inf
inf
inf
inf
inf
inf
inf
inf
inf
inf
inf
inf
inf
inf
inf
inf
inf
inf
inf
inf
inf
inf
inf
inf
inf
inf
inf
inf
inf
inf
inf
inf
inf
inf
inf
inf
inf
inf
inf
inf
inf
inf
inf
inf
inf
inf
inf
inf
inf
inf
inf
inf
inf
inf
inf
inf
inf
inf
inf
inf
inf
inf
inf
inf
inf
inf
inf
inf
inf
inf
inf
inf
inf
inf
inf
inf
inf
inf
inf
inf
inf
inf
inf
inf
inf
inf
inf
inf
inf
inf
inf
inf
inf
inf
inf
inf
inf
inf
inf
inf
inf
inf
inf
inf
inf
inf
inf
inf
inf
inf
inf
inf
inf
inf
inf
inf
inf
inf
inf
inf
inf
inf
inf
inf
inf
inf
inf
inf
inf
inf
inf
inf
inf
inf
inf
inf
inf
inf
inf
inf
inf
inf
inf
inf
inf
inf
inf
inf
inf
inf
inf
inf
inf
inf
inf
inf
inf
inf
inf
inf
inf
inf
inf
inf
inf
inf
inf
inf
inf
inf
inf
inf
inf
inf
inf
inf
inf
inf
inf
inf
inf
inf
inf
inf
inf
inf
inf
inf
inf
inf
inf
inf
inf
inf
inf
inf
inf
inf
inf
inf
inf
inf
inf
inf
inf
inf
inf
inf
inf
inf
inf
inf
inf
inf
inf
inf
inf
inf
inf
inf
inf
inf
inf
inf
inf
inf
inf
inf
inf
inf
inf
inf
inf
inf
inf
inf
inf
inf
inf
inf
inf
inf
inf
inf
inf
inf
inf
inf
inf
inf
inf
inf
inf
inf
inf
inf
inf
inf
inf
inf
inf
inf
inf
inf
inf
inf
inf
inf
inf
inf
inf
inf
inf
inf
inf
inf
inf
inf
inf
inf
inf
inf
inf
inf
inf
inf
inf
inf
inf
inf
inf
inf
inf
inf
inf
inf
inf
inf
inf
inf
inf
inf
inf
inf
inf
inf
inf
inf
inf
inf
inf
inf
inf
inf
inf
inf
inf
inf
inf
inf
inf
inf
inf
inf
inf
inf
inf
inf
inf
inf
inf
inf
inf
inf
inf
inf
inf
inf
inf
inf
inf
inf
inf
inf
inf
inf
inf
inf
inf
inf
inf
inf
inf
inf
inf
inf
inf
inf
inf
inf
inf
inf
inf
inf
inf
inf
inf
inf
inf
inf
inf
inf
inf
inf
inf
inf
inf
inf
inf
inf
inf
inf
inf
inf
inf
inf
inf
inf
inf
inf
inf
inf
inf
inf
inf
inf
inf
inf
inf
inf
inf
inf
inf
inf
inf
inf
inf
inf
inf
inf
inf
inf
inf
inf
inf
inf
inf
inf
inf
inf
inf
inf
inf
inf
inf
inf
inf
inf
inf
inf
inf
inf
inf
inf
inf
inf
inf
inf
inf
inf
inf
inf
inf
inf
inf
inf
inf
inf
inf
inf
inf
inf
inf
inf
inf
inf
inf
inf
inf
inf
inf
inf
inf
inf
inf
inf
inf
inf
inf
inf
inf
inf
inf
inf
inf
inf
inf
inf
inf
inf
inf
inf
inf
inf
inf
inf
inf
inf
inf
inf
inf
inf
inf
inf
inf
inf
inf
inf
inf
inf
inf
inf
inf
inf
inf
inf
inf
inf
inf
inf
inf
inf
inf
inf
inf
inf
inf
inf
inf
inf
inf
inf
inf
inf
inf
inf
inf
inf
inf
inf
inf
inf
inf
inf
inf
inf
inf
inf
inf
inf
inf
inf
inf
inf
inf
inf
inf
inf
inf
inf
inf
inf
inf
inf
inf
inf
inf
inf
inf
inf
inf
inf
inf
inf
inf
inf
inf
inf
inf
inf
inf
inf
inf
inf
inf
inf
inf
inf
inf
inf
inf
inf
inf
inf
inf
inf
inf
inf
inf
inf
inf
inf
inf
inf
inf
inf
inf
inf
inf
inf
inf
inf
inf
inf
inf
inf
inf
inf
inf
inf
inf
inf
inf
inf
inf
inf
inf
inf
inf
inf
inf
inf
inf
inf
inf
inf
inf
inf
inf
inf
inf
inf
inf
inf
inf
inf
inf
inf
inf
inf
inf
inf
inf
inf
inf
inf
inf
inf
inf
inf
inf
inf
inf
inf
inf
inf
inf
inf
inf
inf
inf
inf
inf
inf
inf
inf
inf
inf
inf
inf
inf
inf
inf
inf
inf
inf
inf
inf
inf
inf
inf
inf
inf
inf
inf
inf
inf
inf
inf
inf
inf
inf
inf
inf
inf
inf
inf
inf
inf
inf
inf
inf
inf
inf
inf
inf
inf
inf
inf
inf
inf
inf
inf
inf
inf
inf
inf
inf
inf
inf
inf
inf
inf
inf
inf
inf
inf
inf
inf
inf
inf
inf
inf
inf
inf
inf
inf
inf
inf
inf
inf
inf
inf
inf
inf
inf
inf
inf
inf
inf
inf
inf
inf
inf
inf
inf
inf
inf
inf
inf
inf
inf
inf
inf
inf
inf
inf
inf
inf
inf
inf
inf
inf
inf
inf
inf
inf
inf
inf
inf
inf
inf
inf
inf
inf
inf
inf
inf
inf
inf
inf
inf
inf
inf
inf
inf
inf
inf
inf
inf
inf
inf
inf
inf
inf
inf
inf
inf
inf
inf
inf
inf
inf
inf
inf
inf
inf
inf
inf
inf
inf
inf
inf
inf
inf
inf
inf
inf
inf
inf
inf
inf
inf
inf
inf
inf
inf
inf
inf
inf
inf
inf
inf
inf
inf
inf
inf
inf
inf
inf
inf
inf
inf
inf
inf
inf
inf
inf
inf
inf
inf
inf
inf
inf
inf
inf
inf
inf
inf
inf
inf
inf
inf
inf
inf
inf
inf
inf
inf
inf
inf
inf
inf
inf
inf
inf
inf
inf
inf
inf
inf
inf
inf
inf
inf
inf
inf
inf
inf
inf
inf
inf
inf
inf
inf
inf
inf
inf
inf
inf
inf
inf
inf
inf
inf
inf
inf
inf
inf
inf
inf
inf
inf
inf
inf
inf
inf
inf
inf
inf
inf
inf
inf
inf
inf
inf
inf
inf
inf
inf
inf
inf
inf
inf
inf
inf
inf
inf
inf
inf
inf
inf
inf
inf
inf
inf
inf
inf
inf
inf
inf
inf
inf
inf
inf
inf
inf
inf
inf
inf
inf
inf
inf
inf
inf
inf
inf
inf
inf
inf
inf
inf
inf
inf
inf
inf
inf
inf
inf
inf
inf
inf
inf
inf
inf
inf
inf
inf
inf
inf
inf
inf
inf
inf
inf
inf
inf
inf
inf
inf
inf
inf
inf
inf
inf
inf
inf
inf
inf
inf
inf
inf
inf
inf
inf
inf
inf
inf
inf
inf
inf
inf
inf
inf
inf
inf
inf
inf
inf
inf
inf
inf
inf
inf
inf
inf
inf
inf
inf
inf
inf
inf
inf
inf
inf
inf
inf
inf
inf
inf
inf
inf
inf
inf
inf
inf
inf
inf
inf
inf
inf
inf
inf
inf
inf
inf
inf
inf
inf
inf
inf
inf
inf
inf
inf
inf
inf
inf
inf
inf
inf
inf
inf
inf
inf
inf
inf
inf
inf
inf
inf
inf
inf
inf
inf
inf
inf
inf
inf
inf
inf
inf
inf
inf
inf
inf
inf
inf
inf
inf
inf
inf
inf
inf
inf
inf
inf
inf
inf
inf
inf
inf
inf
inf
inf
inf
inf
inf
inf
inf
inf
inf
inf
inf
inf
inf
inf
inf
inf
inf
inf
inf
inf
inf
inf
inf
inf
inf
inf
inf
inf
inf
inf
inf
inf
inf
inf
inf
inf
inf
inf
inf
inf
inf
inf
inf
inf
inf
inf
inf
inf
inf
inf
inf
inf
inf
inf
inf
inf
inf
inf
inf
inf
inf
inf
inf
inf
inf
inf
inf
inf
inf
inf
inf
inf
inf
inf
inf
inf
inf
inf
inf
inf
inf
inf
inf
inf
inf
inf
inf
inf
inf
inf
inf
inf
inf
inf
inf
inf
inf
inf
inf
inf
inf
inf
inf
inf
inf
inf
inf
inf
inf
inf
inf
inf
inf
inf
inf
inf
inf
inf
inf
inf
inf
inf
inf
inf
inf
inf
inf
inf
inf
inf
inf
inf
inf
inf
inf
inf
inf
inf
inf
inf
inf
inf
inf
inf
inf
inf
inf
inf
inf
inf
inf
inf
inf
inf
inf
inf
inf
inf
inf
inf
inf
inf
inf
inf
inf
inf
inf
inf
inf
inf
inf
inf
inf
inf
inf
inf
inf
inf
inf
inf
inf
inf
inf
inf
inf
inf
inf
inf
inf
inf
inf
inf
inf
inf
inf
inf
inf
inf
inf
inf
inf
inf
inf
inf
inf
inf
inf
inf
inf
inf
inf
inf
inf
inf
inf
inf
inf
inf
inf
inf
inf
inf
inf
inf
inf
inf
inf
inf
inf
inf
inf
inf
inf
inf
inf
inf
inf
inf
inf
inf
inf
inf
inf
inf
inf
inf
inf
inf
inf
inf
inf
inf
inf
inf
inf
inf
inf
inf
inf
inf
inf
inf
inf
inf
inf
inf
inf
inf
inf
inf
inf
inf
inf
inf
inf
inf
inf
inf
inf
inf
inf
inf
inf
inf
inf
inf
inf
inf
inf
inf
inf
inf
inf
inf
inf
inf
inf
inf
inf
inf
inf
inf
inf
inf
inf
inf
inf
inf
inf
inf
inf
inf
inf
inf
inf
inf
inf
inf
inf
inf
inf
inf
inf
inf
inf
inf
inf
inf
inf
inf
inf
inf
inf
inf
inf
inf
inf
inf
inf
inf
inf
inf
inf
inf
inf
inf
inf
inf
inf
inf
inf
inf
inf
inf
inf
inf
inf
inf
inf
inf
inf
inf
inf
inf
inf
inf
inf
inf
inf
inf
inf
inf
inf
inf
inf
inf
inf
inf
inf
inf
inf
inf
inf
inf
inf
inf
inf
inf
inf
inf
inf
inf
inf
inf
inf
inf
inf
inf
inf
inf
inf
inf
inf
inf
inf
inf
inf
inf
inf
inf
inf
inf
inf
inf
inf
inf
inf
inf
inf
inf
inf
inf
inf
inf
inf
inf
inf
inf
inf
inf
inf
inf
inf
inf
inf
inf
inf
inf
inf
inf
inf
inf
inf
inf
inf
inf
inf
inf
inf
inf
inf
inf
inf
inf
inf
inf
inf
inf
inf
inf
inf
inf
inf
inf
inf
inf
inf
inf
inf
inf
inf
inf
inf
inf
inf
inf
inf
inf
inf
inf
inf
inf
inf
inf
inf
inf
inf
inf
inf
inf
inf
inf
inf
inf
inf
inf
inf
inf
inf
inf
inf
inf
inf
inf
inf
inf
inf
inf
inf
inf
inf
inf
inf
inf
inf
inf
inf
inf
inf
inf
inf
inf
inf
inf
inf
inf
inf
inf
inf
inf
inf
inf
inf
inf
inf
inf
inf
inf
inf
inf
inf
inf
inf
inf
inf
inf
inf
inf
inf
inf
inf
inf
inf
inf
inf
inf
inf
inf
inf
inf
inf
inf
inf
inf
inf
inf
inf
inf
inf
inf
inf
inf
inf
inf
inf
inf
inf
inf
inf
inf
inf
inf
inf
inf
inf
inf
inf
inf
inf
inf
inf
inf
inf
inf
inf
inf
inf
inf
inf
inf
inf
inf
inf
inf
inf
inf
inf
inf
inf
inf
inf
inf
inf
inf
inf
inf
inf
inf
inf
inf
inf
inf
inf
inf
inf
inf
inf
inf
inf
inf
inf
inf
inf
inf
inf
inf
inf
inf
inf
inf
inf
inf
inf
inf
inf
inf
inf
inf
inf
inf
inf
inf
inf
inf
inf
inf
inf
inf
inf
inf
inf
inf
inf
inf
inf
inf
inf
inf
inf
inf
inf
inf
inf
inf
inf
inf
inf
inf
inf
inf
inf
inf
inf
inf
inf
inf
inf
inf
inf
inf
inf
inf
inf
inf
inf
inf
inf
inf
inf
inf
inf
inf
inf
inf
inf
inf
inf
inf
inf
inf
inf
inf
inf
inf
inf
inf
inf
inf
inf
inf
inf
inf
inf
inf
inf
inf
inf
inf
inf
inf
inf
inf
inf
inf
inf
inf
inf
inf
inf
inf
inf
inf
inf
inf
inf
inf
inf
inf
inf
inf
inf
inf
inf
inf
inf
inf
inf
inf
inf
inf
inf
inf
inf
inf
inf
inf
inf
inf
inf
inf
inf
inf
inf
inf
inf
inf
inf
inf
inf
inf
inf
inf
inf
inf
inf
inf
inf
inf
inf
inf
inf
inf
inf
inf
inf
inf
inf
inf
inf
inf
inf
inf
inf
inf
inf
inf
inf
inf
inf
inf
inf
inf
inf
inf
inf
inf
inf
inf
inf
inf
inf
inf
inf
inf
inf
inf
inf
inf
inf
inf
inf
inf
inf
inf
inf
inf
inf
inf
inf
inf
inf
inf
inf
inf
inf
inf
inf
inf
inf
inf
inf
inf
inf
inf
inf
inf
inf
inf
inf
inf
inf
inf
inf
inf
inf
inf
inf
inf
inf
inf
inf
inf
inf
inf
inf
inf
inf
inf
inf
inf
inf
inf
inf
inf
inf
inf
inf
inf
inf
inf
inf
inf
inf
inf
inf
inf
inf
inf
inf
inf
inf
inf
inf
inf
inf
inf
inf
inf
inf
inf
inf
inf
inf
inf
inf
inf
inf
inf
inf
inf
inf
inf
inf
inf
inf
inf
inf
inf
inf
inf
inf
inf
inf
inf
inf
inf
inf
inf
inf
inf
inf
inf
inf
inf
inf
inf
inf
inf
inf
inf
inf
inf
inf
inf
inf
inf
inf
inf
inf
inf
inf
inf
inf
inf
inf
inf
inf
inf
inf
inf
inf
inf
inf
inf
inf
inf
inf
inf
inf
inf
inf
inf
inf
inf
inf
inf
inf
inf
inf
inf
inf
inf
inf
inf
inf
inf
inf
inf
inf
inf
inf
inf
inf
inf
inf
inf
inf
inf
inf
inf
inf
inf
inf
inf
inf
inf
inf
inf
inf
inf
inf
inf
inf
inf
inf
inf
inf
inf
inf
inf
inf
inf
inf
inf
inf
inf
inf
inf
inf
inf
inf
inf
inf
inf
inf
inf
inf
inf
inf
inf
inf
inf
inf
inf
inf
inf
inf
inf
inf
inf
inf
inf
inf
inf
inf
inf
inf
inf
inf
inf
inf
inf
inf
inf
inf
inf
inf
inf
inf
inf
inf
inf
inf
inf
inf
inf
inf
inf
inf
inf
inf
inf
inf
inf
inf
inf
inf
inf
inf
inf
inf
inf
inf
inf
inf
inf
inf
inf
inf
inf
inf
inf
inf
inf
inf
inf
inf
inf
inf
inf
inf
inf
inf
inf
inf
inf
inf
inf
inf
inf
inf
inf
inf
inf
inf
inf
inf
inf
inf
inf
inf
inf
inf
inf
inf
inf
inf
inf
inf
inf
inf
inf
inf
inf
inf
inf
inf
inf
inf
inf
inf
inf
inf
inf
inf
inf
inf
inf
inf
inf
inf
inf
inf
inf
inf
inf
inf
inf
inf
inf
inf
inf
inf
inf
inf
inf
inf
inf
inf
inf
inf
inf
inf
inf
inf
inf
inf
inf
inf
inf
inf
inf
inf
inf
inf
inf
inf
inf
inf
inf
inf
inf
inf
inf
inf
inf
inf
inf
inf
inf
inf
inf
inf
inf
inf
inf
inf
inf
inf
inf
inf
inf
inf
inf
inf
inf
inf
inf
inf
inf
inf
inf
inf
inf
inf
inf
inf
inf
inf
inf
inf
inf
inf
inf
inf
inf
inf
inf
inf
inf
inf
inf
inf
inf
inf
inf
inf
inf
inf
inf
inf
inf
inf
inf
inf
inf
inf
inf
inf
inf
inf
inf
inf
inf
inf
inf
inf
inf
inf
inf
inf
inf
inf
inf
inf
inf
inf
inf
inf
inf
inf
inf
inf
inf
inf
inf
inf
inf
inf
inf
inf
inf
inf
inf
inf
inf
inf
inf
inf
inf
inf
inf
inf
inf
inf
inf
inf
inf
inf
inf
inf
inf
inf
inf
inf
inf
inf
inf
inf
inf
inf
inf
inf
inf
inf
inf
inf
inf
inf
inf
inf
inf
inf
inf
inf
inf
inf
inf
inf
inf
inf
inf
inf
inf
inf
inf
inf
inf
inf
inf
inf
inf
inf
inf
inf
inf
inf
inf
inf
inf
inf
inf
inf
inf
inf
inf
inf
inf
inf
inf
inf
inf
inf
inf
inf
inf
inf
inf
inf
inf
inf
inf
inf
inf
inf
inf
inf
inf
inf
inf
inf
inf
inf
inf
inf
inf
inf
inf
inf
inf
inf
inf
inf
inf
inf
inf
inf
inf
inf
inf
inf
inf
inf
inf
inf
inf
inf
inf
inf
inf
inf
inf
inf
inf
inf
inf
inf
inf
inf
inf
inf
inf
inf
inf
inf
inf
inf
inf
inf
inf
inf
inf
inf
inf
inf
inf
inf
inf
inf
inf
inf
inf
inf
inf
inf
inf
inf
inf
inf
inf
inf
inf
inf
inf
inf
inf
inf
inf
inf
inf
inf
inf
inf
inf
inf
inf
inf
inf
inf
inf
inf
inf
inf
inf
inf
inf
inf
inf
inf
inf
inf
inf
inf
inf
inf
inf
inf
inf
inf
inf
inf
inf
inf
inf
inf
inf
inf
inf
inf
inf
inf
inf
inf
inf
inf
inf
inf
inf
inf
inf
inf
inf
inf
inf
inf
inf
inf
inf
inf
inf
inf
inf
inf
inf
inf
inf
inf
inf
inf
inf
inf
inf
inf
inf
inf
inf
inf
inf
inf
inf
inf
inf
inf
inf
inf
inf
inf
inf
inf
inf
inf
inf
inf
inf
inf
inf
inf
inf
inf
inf
inf
inf
inf
inf
inf
inf
inf
inf
inf
inf
inf
inf
inf
inf
inf
inf
inf
inf
inf
inf
inf
inf
inf
inf
inf
inf
inf
inf
inf
inf
inf
inf
inf
inf
inf
inf
inf
inf
inf
inf
inf
inf
inf
inf
inf
inf
inf
inf
inf
inf
inf
inf
inf
inf
inf
inf
inf
inf
inf
inf
inf
inf
inf
inf
inf
inf
inf
inf
inf
inf
inf
inf
inf
inf
inf
inf
inf
inf
inf
inf
inf
inf
inf
inf
inf
inf
inf
inf
inf
inf
inf
inf
inf
inf
inf
inf
inf
inf
inf
inf
inf
inf
inf
inf
inf
inf
inf
inf
inf
inf
inf
inf
inf
inf
inf
inf
inf
inf
inf
inf
inf
inf
inf
inf
inf
inf
inf
inf
inf
inf
inf
inf
inf
inf
inf
inf
inf
inf
inf
inf
inf
inf
inf
inf
inf
inf
inf
inf
inf
inf
inf
inf
inf
inf
inf
inf
inf
inf
inf
inf
inf
inf
inf
inf
inf
inf
inf
inf
inf
inf
inf
inf
inf
inf
inf
inf
inf
inf
inf
inf
inf
inf
inf
inf
inf
inf
inf
inf
inf
inf
inf
inf
inf
inf
inf
inf
inf
inf
inf
inf
inf
inf
inf
inf
inf
inf
inf
inf
inf
inf
inf
inf
inf
inf
inf
inf
inf
inf
inf
inf
inf
inf
inf
inf
inf
inf
inf
inf
inf
inf
inf
inf
inf
inf
inf
inf
inf
inf
inf
inf
inf
inf
inf
inf
inf
inf
inf
inf
inf
inf
inf
inf
inf
inf
inf
inf
inf
inf
inf
inf
inf
inf
inf
inf
inf
inf
inf
inf
inf
inf
inf
inf
inf
inf
inf
inf
inf
inf
inf
inf
inf
inf
inf
inf
inf
inf
inf
inf
inf
inf
inf
inf
inf
inf
inf
inf
inf
inf
inf
inf
inf
inf
inf
inf
inf
inf
inf
inf
inf
inf
inf
inf
inf
inf
inf
inf
inf
inf
inf
inf
inf
inf
inf
inf
inf
inf
inf
inf
inf
inf
inf
inf
inf
inf
inf
inf
