
Objective value: 
2.17014e-05
2.05245e-05
1.9248e-05
1.80347e-05
1.69655e-05
1.60443e-05
1.52425e-05
1.45279e-05
1.38949e-05
1.33336e-05
1.28272e-05
1.23688e-05
1.19461e-05
1.15436e-05
1.11818e-05
1.0868e-05
1.04109e-05
9.92044e-06
9.4346e-06
8.96438e-06
8.52266e-06
8.111e-06
7.72074e-06
7.35009e-06
7.00107e-06
6.67784e-06
6.38271e-06
6.10985e-06
5.85066e-06
5.59983e-06
5.3525e-06
5.10259e-06
0.000114026
9.90919e-05
8.64702e-05
7.68872e-05
6.88062e-05
6.15442e-05
5.50152e-05
4.91927e-05
4.40132e-05
3.94132e-05
3.52974e-05
3.15416e-05
2.80658e-05
2.4813e-05
2.17574e-05
1.8908e-05
1.63065e-05
1.3999e-05
1.19902e-05
1.02839e-05
8.86772e-06
7.71078e-06
6.76769e-06
5.98853e-06
5.32718e-06
4.726e-06
4.14373e-06
3.56489e-06
0.00011323
6.66864e-05
3.56126e-05
2.33918e-05
1.27555e-05
2.67767e-05
6.09391e-06
1.85023e-05
3.49925e-05
5.13461e-05
6.50792e-05
7.75732e-05
9.36881e-05
0.00010738
0.000134033
0.000188419
4.10516e-06
5.70906e-06
7.72141e-06
9.26357e-06
1.00726e-05
1.0671e-05
1.07624e-05
1.03461e-05
9.53179e-06
8.56196e-06
7.78948e-06
7.21915e-06
6.82717e-06
7.59033e-06
1.02286e-05
1.45465e-05
1.61587e-05
1.73728e-05
1.73016e-05
1.65131e-05
1.63379e-05
0.000105354
0.000102836
1.85199e-05
2.22798e-05
2.21947e-05
2.04128e-05
2.00515e-05
2.82777e-05
6.4837e-05
0.000102688
0.000115205
8.5572e-05
0.000103203
0.000277612
0.000196561
0.000225419
0.000150298
0.000194395
0.000724155
0.000192855
0.000171748
0.000207865
0.000359721
0.000507578
9.21603e-06
9.69435e-06
2.7877e-05
0.000190018
0.000920511
9.53956e-05
74.0628
17.287
16.2195
2.16535e-05
0.000103804
0.000406146
3.93062e-05
0.000102323
4.38513e-05
0.000890625
0.00186861
18.6315
178.368
357.398
515.729
648.221
521.499
219.091
30.5508
0.00370801
32.947
51.0912
68.5928
86.0767
61.7189
218.282
437.016
613.107
809.092
1013.4
858.09
846.579
502.753
310.023
180.623
114.508
133.303
152.1
170.791
437.944
666.508
899.187
1070.62
1276.73
1113.99
1096.77
738.039
533.206
350.464
207.04
216.569
236.497
256.213
551.513
782.05
1018.9
1186.74
1392.53
1599.87
1419.62
1076.81
832.354
631.91
480.632
322.595
343.311
364.307
385.15
718.263
959.771
1135.19
1329.25
1535.51
1365.75
1342.23
972.788
759.682
567.683
422.984
395.27
436.766
464.06
815.071
1053.48
1293.75
1454.69
1657.89
1484.52
1458.73
1084.74
867.774
672.742
526.389
472.108
494.197
516.218
690.685
940.184
1183.59
1338.7
1538.45
1741.44
1562.03
1530.87
1150.13
929.387
785.311
611.972
538.504
617.831
648.061
1000.77
1239.73
1415.97
1603
1804.74
1626.3
1596.62
1217.04
996.023
797.135
650.206
579.315
655.429
684.561
1036.47
1274.98
1516.29
1670.85
1870.42
2070.64
1876.25
1527.37
1262.7
1049.66
896.079
726.736
700.87
738.737
767.541
1121.97
1367.54
1534.91
1720.13
1919.79
1741.21
1710.37
1331.24
1110.65
975.294
803.343
767.358
813.648
841.836
1194.51
1435.15
1679.04
1824.97
2020.95
1840.27
1808.42
1428.12
1206.15
1006.94
864.779
829.268
853.397
877.341
1022.3
1277.3
1523.94
1665.62
1858.29
2054.77
1870.61
1545.08
1289.65
1088.61
952.732
890.975
915.292
939.435
963.473
1215.22
1456.37
1608.73
1790.45
1984.39
1808.85
1779.54
1409.22
1195.67
1005.31
912.368
937.727
962.281
986.434
1280.89
1518.97
1760.3
1899.71
2091.38
2285.37
2092.51
1686.86
1454.65
1247.5
1106.36
989.38
1013.93
1038.67
1241.22
1500.73
1742.32
1884.86
2076.22
2270.25
2079.78
2039.38
1646.5
1416.41
1277.04
1099.33
1024.5
1101.76
1132.08
1486.53
1728.53
1972.11
2109.97
2300.6
2112.58
2075.2
1687.42
1459.96
1255.38
1113.5
1071.41
1120.73
1148.8
1502.44
1744.32
1992.39
2126.23
2316.78
2508.74
2308.06
1966.57
1689.69
1472.63
1326.12
1157.9
1176.35
1201.71
1226.77
1560.01
1808.78
1961.53
2136.62
2327.44
2142.8
2106.47
1723.26
1499.78
1374.6
1202.73
1218.1
1243.7
1268.86
1600.54
1843
2089.94
2218.44
2405.75
2218.84
2182.07
1798.56
1574.27
1373.8
1237.57
1255.76
1281.36
1306.57
1392.76
1652.45
1898.31
2027.94
2211.88
2400.49
2212.12
2172.02
1784.9
1559.76
1432.86
1260.65
1275.97
1301.78
1327.15
1661.66
1904.94
2067.52
2233.89
2421.73
2234.5
2197.16
1812.64
1587.94
1386.82
1250.51
1269.93
1295.54
1320.86
1648.9
1891.39
2140.81
2266.34
2452.72
2641.62
2441.05
2105.66
1826.79
1611.07
1469.33
1341.37
1366.65
1392.41
1589.15
1854.7
2100.58
2231.21
2416.57
2604.39
2407.33
2361.5
1961.82
1727.13
1591.1
1410.49
1350.22
1412.15
1441.7
1797.71
2042.74
2291.05
2415.06
2599.57
2405.53
2363.98
1971.62
1740.99
1533.6
1393.75
1376.88
1402.59
1427.97
1621.56
1847.46
2099.81
2219.83
2400.86
2586.59
2393.89
2074.03
1802.76
1596.44
1466.2
1446.95
1472.96
1498.36
1524.05
1735.15
1978.95
2113.68
2284.33
2466.67
2283.15
2247.23
1871.75
1655.05
1463.74
1429.14
1456.24
1481.75
1507.39
1748.95
1987.15
2228.56
2348.57
2530.91
2342.23
2305.24
1922.44
1700.48
1504.58
1446.92
1471.49
1497.78
1523.51
1540.15
1810.43
2052.83
2180.75
2088.33
2365.08
2201.6
2170.44
1786.74
1574.72
1473.27
1493.69
1525.76
1548.78
1574.8
1763.25
1776.33
1766.42
1789.12
1825.08
1788.83
1727.17
1758.98
1749.03
1747.81
1798.85
1731.96
1812.91
1846.98
1870.54
1947.28
2006.26
1959.04
1902.47
1983.79
2021.47
2045.41
2070.95
2053.65
2158.96
2113.32
2178.56
2187.67
2233.18
2257.69
2333.23
2280.33
2353.88
2357.8
2400.18
2421.51
2514.49
2508.59
2617.11
2584.05
2644.14
2642.34
2699.42
2717.96
2791.59
2787.56
2836.2
2779.92
2862.72
2881.46
2911.44
2932.16
2987.53
3013.09
3050.4
3066.01
3109.01
3137.83
3190.98
3207.22
3251.59
3265.37
3329.38
3340.84
3426.18
3402.3
3487.86
3461.06
3539.08
3526.06
3603.72
3593.05
3677.67
3658.06
3726.75
3717.17
3777.19
3782.19
3841.16
3846.23
3898.07
3905.52
3954.37
3967.8
4015.47
4029.55
4075.09
4090.16
4136.99
4152.76
4202.71
4215.77
4270.17
4277.33
4342.85
4339.73
4427.11
4401.58
4515
4461.94
4545.32
4514.41
4565.61
4575.31
4652.06
4656.08
4740
4702.93
4762.95
4753.28
4804.91
4818.62
4887.44
4883.31
4933.07
4927.28
4982.26
4990.51
5052.47
5049.31
5111.55
5101.36
5170.1
5158.32
5242.63
5216.32
5318.63
5272.07
5351.68
5319.97
5374.38
5375.99
5455.3
5449.62
5600.14
5504.81
5577.44
5537.72
5566.31
5595.16
5639.34
5676.45
5701.09
5707.44
5727.91
5756.37
5796.85
5822.51
5843.55
5857.14
5885.78
5913.95
5949.18
5967.24
5992.78
6011.08
6051.68
6075.52
6118.1
6116.83
6159.52
6162.73
6273.6
6232.1
6405.81
6267.67
6314.77
6292.6
6311.62
6364.72
6413.08
6459.3
6434.46
6445.73
6460.46
6506.03
6559.19
6582.08
6570.74
6577.74
6606.61
6651
6691.5
6695.14
6698.73
6713.64
6759.86
6812.96
6841.4
6816.81
6823.4
6853.11
6907.22
7045.59
6978.52
6956.38
6942.59
6970.18
7055.93
7055.72
7074.87
7050.75
7094.63
7112.87
7148.41
7145.74
7188.13
7184.22
7225.68
7214.89
7259.65
7251.38
7294.64
7286.55
7331.27
7321.05
7367.24
7355.01
7405.69
7390.94
7448.83
7425.55
7488.44
7456.51
7513.5
7487.12
7534.25
7523.38
7583.81
7565.66
7699.84
7603.88
7674.43
7615.46
7630.06
7647.39
7662.86
7699.96
7700
7699.99
7700
7699.99
7699.99
7700
7700
7700
7700
7700
7700
7700
7700
7700
7700
7700
7700
7700
7700
7700
7700
7700
7700
7700
7700
7700
7700
7700
7700
7700
7700
7700
7700
7700
7700
7700
7700
7700
7700
7700
7700
7700
7700
7700
7700
7700
7700
7700
7700
7700
7700
7700
7700
7700
7700
7700
7700
7700
7700
7700
7700
7700
7700
7700
7700
7700
7700
7700
7700
7700
7700
7700
7700
7700
7700
7700
7700
7700
7700
7700
7700
7700
7700
7700
7700
7700
7700
7700
7700
7700
7700
7700
7700
7700
7700
7700
7700
7700
7700
7700
7700
7700
7700
7700
7700
7700
7700
7700
7700
7700
7700
7700
7700
7700
7700
7700
7700
7700
7700
7700
7700
7700
7700
7700
7700
7700
7700
7700
7700
7700
7700
7700
7700
7700
7700
7700
7700
7700
7700
7700
7700
7700
7700
7700
7700
7700
7700
7700
7700
7700
7700
7700
7700
7700
7700
7700
7700
7700
7700
7700
7700
7700
7700
7700
7700
7700
7700
7700
7700
7700
7700
7700
7700
7700
7700
7700
7700
7700
7700
7700
7700
7700
7700
7700
7700
7700
7700
7700
7700
7700
7700
7700
7700
7700
7700
7700
7700
7700
7700
7700
7700
7700
7700
7700
7700
7700
7700
7700
7700
7700
7700
7700
7700
7700
7700
7700
7700
7700
7700
7700
7700
7700
7700
7700
7700
7700
7700
7700
7700
7700
7700
7700
7700
7700
7700
7700
7700
7700
7700
7700
7700
7700
7700
7700
7700
7700
7700
7700
7700
7700
7700
7700
7700
7700
7700
7700
7700
7700
7700
7700
7700
7700
7700
7700
7700
7700
7700
7700
7700
7700
7700
7700
7700
7700
7700
7700
7700
7700
7700
7700
7700
7700
7700
7700
7700
7700
7700
7700
7700
7700
7700
7700
7700
7700
7700
7700
7700
7700
7700
7700
7700
7700
7700
7700
7700
7700
7700
7700
7700
7700
7700
7700
7700
7700
7700
7700
7700
7700
7700
7700
7700
7700
7700
7700
7700
7700
7700
7700
7700
7700
7700
7700
7700
7700
7700
7700
7700
7700
7700
7700
7700
7700
7700
7700
7700
7700
7700
7700
7700
7700
7700
7700
7700
7700
7700
7700
7700
7700
7700
7700
7700
7700
7700
7700
7700
7700
7700
7700
7700
7700
7700
7700
7700
7700
7700
7700
7700
7700
7700
11324.8
19102.3
19102.3
7926.67
7700
7700
7700
7700
7700
7700
7700
7700
7700
7700
7700
7700
7700
7700
7700
7700
7700
7700
7700
7700
7700
7700
7700
7700
7700
7700
7700
7700
7700
7700
7700
7700
7700
7700
7700
7700
7700
7700
7700
7700
7700
7700
7700
7700
7700
7700
7700
7700
7700
7700
7700
7700
7700
7700
7700
7700
7700
7700
7700
7700
7700
7700
7700
7700
7700
7700
7700
7700
7700
7700
7700
7700
7700
7700
7700
7700
7700
7700
7700
7700
7700
7700
7700
7700
7700
7700
7700
7700
7700
7700
7700
7700
7700
7700
7700
7700
7700
7700
7700
7700
7700
7700
7700
7700
7700
7700
7700
7700
7700
7700
7700
7700
7700
7700
7700
7700
7700
7700
7700
7700
7700
7700
7700
7700
7700
7700
7700
7700
7700
7700
7700
7700
7700
7700
7700
7700
7700
7700
7700
7700
7700
7700
7700
7700
7700
7700
7700
7700
7700
7700
7700
7700
7700
7700
7700
7700
7700
7700
7700
7700
7700
7700
7700
7700
7700
7700
7700
7700
7700
7700
7700
7700
7700
7700
7700
7700
7700
7700
7700
7700
7700
7700
7700
7700
7700
7700
7700
7700
7700
7700
7700
7700
7700
7700
7700
7700
7700
7700
7700
7700
7700
7700
7700
7700
7700
7700
7700
7700
7700
7700
7700
7700
7700
7700
7700
7700
7700
7700
7700
7700
7700
7700
7700
7700
7700
7700
7700
7700
7700
7700
7700
7700
7700
7700
7700
7700
7700
7700
7700
7700
7700
7700
7700
7700
7700
7700
7700
7700
7700
7700
7700
7700
7700
7700
7700
7700
7700
7700
7700
7700
7700
7700
7700
7700
7700
7700
7700
7700
7700
7700
7700
7700
7700
7700
7700
7700
7700
7700
7700
7700
7700
7700
7700
7700
7700
7700
7700
7700
7700
7700
7700
7700
7700
7700
7700
7700
7700
7700
7700
7700
7700
7700
7700
7700
7700
7700
7700
7700
7700
7700
7700
7700
7700
7700
7700
7700
7700
7700
7700
7700
7700
7700
7700
7700
7700
7700
7700
7700
7700
7700
7700
7700
7700
7700
7700
7700
7700
7700
7700
7700
7700
7700
7700
7700
7700
7700
7700
7700
7700
7700
7700
7700
7700
7700
7700
7700
7700
7700
7700
7700
7700
7700
7700
7700
7700
7700
7700
7700
7700
7700
7700
7700
7700
7700
7700
7700
7700
7700
7700
7700
7700
7700
7700
7700
7700
7700
7700
7700
7700
7700
7700
7700
7700
7700
7700
7700
7700
7700
7700
7700
7700
7700
7700
7700
7700
7700
7700
7700
7700
7700
7700
7700
7700
7700
7700
7700
7700
7700
7700
7700
7700
7700
7700
7700
7700
7700
7700
7700
7700
7700
7700
7700
7700
7700
7700
7700
7700
7700
7700
7700
7700
7700
7700
7700
7700
7700
7700
7700
7700
7700
7700
7700
7700
7700
7700
7700
7700
7700
7700
7700
7700
7700
7700
7700
7700
7700
7700
7700
7700
7700
7700
7700
7700
7700
7700
7700
7700
7700
7700
7700
7700
7700
7700
7700
7700
7700
7700
7700
7700
7700
7700
7700
7700
7700
7700
7700
7700
7700
7700
7700
7700
7700
7700
7700
7700
7700
7700
7700
7700
7700
7700
7700
7700
7700
7700
7700
7700
7700
7700
7700
7700
7700
7700
7700
7700
7700
7700
7700
7700
7700
7700
7700
7700
7700
7700
7700
7700
7700
7700
7700
7700
7700
7700
7700
7700
7700
7700
7700
7700
7700
7700
7700
7700
7700
7700
7700
7700
7700
7700
7700
7700
7700
7700
7700
7700
7700
7700
7700
7700
7700
7700
7700
7700
7700
7700
7700
7700
7700
7700
7700
7700
7700
7700
7700
7700
7700
7700
7700
7700
7700
7700
7700
7700
7700
7700
7700
7700
7700
7700
7700
7700
7700
7700
7700
7700
7700
7700
7700
7700
7700
7700
7700
7700
7700
7700
7700
7700
7700
7700
7700
7700
7700
7700
7700
7700
7700
7700
7700
7700
7700
7700
7700
7700
7700
7700
7700
7700
7700
7700
7700
7700
7700
7700
7700
7700
7700
7700
7700
7700
7700
7700
7700
7700
7700
7700
7700
7700
7700
7877.12
9277.54
10548.2
7700
7700
7700
7700
7700
7700
7700
7700
7700
7700
7700
7700
7700
7700
7700
7700
7700
7700
7700
7700
7700
7700
7700
7700
7700
7700
7700
7700
7700
7700
7700
7700
7700
7700
7700
7700
7700
7700
7700
7700
7700
7700
7700
7700
7700
7700
7700
7700
7700
7700
7700
7700
7700
7700
7700
7700
7700
7700
7700
7700
7700
7700
7700
7700
7700
7700
7700
7700
7700
7700
7700
7700
7700
7700
7700
7700
7700
7700
7700
7700
7700
7700
7700
7700
7700
7700
7700
7700
7700
7700
7700
7700
7700
7700
7700
7700
7700
7700
7700
7700
7700
7700
7700
7700
7700
7700
7700
7700
7700
7700
8299.84
9963.84
12502.8
9018.72
8596.41
8564.44
8331.87
7956.19
7700
7700
7700
7700
7700
7700
7700
7700
7700
7700
7700
7700
7700
7700
7700
7700
7700
7700
7700
7700
7700
7700
7700
7700
7700
7700
7700
7700
7700
7700
7700
7700
7700
7700
7700
7700
7700
7700
7700
7700
7700
7700
7700
7700
7700
7700
7700
7700
7700
7700
7700
7700
7700
7700
7700
7700
7700
7700
7700
7700
7700
7700
7700
7700
7700
7700
7700
7700
7700
7700
7700
7700
7700
7700
7700
7700
7700
7700
7700
7700
7700
7700
7700
7700
7700
7700
7700
7700
7700
7700
7700
7700
7700
7700
7700
7700
7700
7700
7700
7700
7700
7700
7700
7700
7700
7700
7700
7700
7700
7700
7700
7700
7700
7700
7700
7700
7700
7700
7700
7700
7700
7700
7700
7700
7700
7700
7700
7700
7700
7700
7700
7700
7700
7700
7700
7700
7700
7700
7700
7700
7700
7700
7700
7700
7700
7700
7700
7700
7700
7700
7700
7700
7700
7700
7700
7700
7700
7700
7700
7700
7700
7700
7700
7700
7700
7700
7700
7700
7700
7700
7700
7700
7700
7700
7700
7700
7700
7700
7700
7700
7700
7700
7700
7700
7700
7700
7700
7700
7700
7700
7700
7700
7700
7700
7700
7700
7700
7700
7700
7700
7700
7700
7700
7700
7700
7700
7700
7700
7700
7700
7700
7700
7700
7700
7700
7700
7700
7700
7700
7700
7700
7700
7700
7700
7700
7700
7700
7700
7700
7700
7700
7700
7700
7700
7700
7700
7700
7700
7726.73
8045.78
8626.54
7758.95
7700
7700
7700
7700
7700
7700
7700
7700
7700
7700
7700
7700
7700
7700
7700
7700
7700
7700
7700
7700
7700
7700
7700
7700
7700
7700
7700
7776.17
7700
7700
7700
7700
7700
7700
7700
7700
7700
7700
7700
7700
7700
7700
7700
7700
7700
7700
7700
7700
7700
7700
7700
7700
7700
7700
7700
7700
7700
7920.94
8333.35
9012.35
7850.11
7700
7700
7700
7700
7700
7700
7700
7700
7700
7700
7700
7700
7700
7700
7700
7700
7700
7700
7700
7700
7700
7700
7700
7700
7700
7700
7700
7700
7700
7700
7700
7700
7700
7700
7700
7700
7700
7700
7700
7700
7700
7700
7700
7700
7700
7700
7700
7700
7700
7700
7700
7700
7700
7700
7700
7887.75
8291.75
8984.99
7895.07
7705.34
7700
7700
7700
7700
7700
7700
7700
7700
7700
7700
7700
7700
7700
7700
7700
7700
7700
7700
7700
7700
7700
7700
7700
7700
7700
7700
7700
7700
7700
7700
7700
7700
7700
7700
7700
7700
7700
7700
7700
7700
7700
7700
7700
7700
7700
7700
7700
7700
7700
7700
7700
7700
7700
7791.74
8143.96
8936.57
7867.81
7700
7700
7700
7700
7700
7700
7700
7700
7700
7700
7700
7700
7700
7700
7700
7700
7700
7700
7700
7700
7700
7700
7700
7700
7700
7700
7700
7808.47
7700
7700
7700
7700
7700
7700
7700
7700
7700
7700
7700
7700
7700
7700
7700
7700
7700
7700
7700
7700
7700
7700
7700
7700
7700
7700
7723.93
7975.01
8434.31
7773.42
7700
7700
7700
7700
7700
7700
7700
7700
7700
7700
7700
7700
7700
7700
7700
7700
7700
7700
7700
7700
7700
7700
7700
7700
7700
7700
7994.95
9104.89
8553.79
7750.98
7700
7700
7700
7700
7700
7700
7700
7700
7700
7700
7700
7700
7700
7700
7700
7700
7700
7700
7700
7700
7700
7700
7700
7700
7700
7700
7700
7700
7700
7700
7700
7700
7700
7700
7700
7700
7700
7717.16
7700
7700
7700
7700
7700
7700
7700
7700
7700
7719.76
7738.13
7747.33
7700
7700
7700
7700
7700
7700
7700
7700
7700
7700
7700
7700
7700
7700
7777.7
7921.07
8063.84
7700
7700
7700
7700
7700
7700
7700
7700
7700
7700
7700
7700
7700
7700
7700
7700
7700
7700
7700
7700
7700
7700
7700
7700
7700
7700
7700
7700
7700
7700
7700
7700
7755.79
7890.69
8089.48
7700
7700
7700
7700
7700
7700
7700
7700
7700
7700
7700
7700
7700
7700
7700
7700
7700
7700
7700
7700
7700
7700
7700
7700
7700
7700
7708.14
7942.45
8205.11
7903.01
7700
7700
7700
7700
7700
7700
7700
7700
7700
7700
7700
7700
7700
7700
7700
7700
7700
7700
7700
7700
7700
7700
7700
7700
7700
7700
7700
7700
7700
7700
7700
7700
7700
7808.86
7975.7
8206.41
7700
7700
7700
7700
7700
7700
7700
7700
7700
7700
7700
7700
7700
7700
7700
7700
7700
7700
7700
7700
7700
7700
7700
7700
7700
7700
7717.56
8282.35
8719.15
7933.47
7700
7700
7700
7700
7700
7700
7700
7700
7700
7700
7700
7700
7700
7700
7700
7700
7700
7700
7700
7700
7700
7700
7700
7700
7700
7700
7700
7700
7700
7700
7700
7700
7700
7700
7700
7700
7726.28
8025.48
8340.63
7700
7700
7700
7700
7700
7700
7700
7700
7700
7700
7700
7700
7700
7700
7700
7700
7700
7700
7700
7700
7700
7700
7700
7700
7700
7700
7700
8277.84
8903.75
8584.31
7790.75
7700
7700
7700
7700
7700
7700
7700
7700
7700
7700
7700
7700
7700
7700
7700
7700
7700
7700
7700
7700
7700
7700
7700
7700
7700
7700
7700
7700
7700
7700
7700
7700
7700
7700
7700
7700
7700
7700
7700
7700
7700
7700
7745.06
7833.35
8049.85
7700
7700
7700
7700
7700
7700
7700
7700
7700
7700
7700
7700
7700
7700
7700
7700
7700
7700
7700
7700
7700
7700
7700
7751.56
7903.69
8246.18
7700
7700
7700
7700
7700
7700
7700
7700
7700
7700
7700
7700
7700
7700
7700
7700
7700
7700
7700
7700
7700
7700
7700
7700
7700
7700
7700
7700
7700
7700
7700.01
7826.67
8050.14
8414.2
7774.31
7700
7700
7700
7700
7700
7700
7700
7700
7700
7700
7700
7700
7700
7700
7700
7700
7700
7700
7700
7700
7700
7700
7700
7700
7700
7700
8621.76
9271.19
8849.65
8115.55
7943.77
7823.43
7700
7700
7700
7700
7700
7700
7700
7700
7700
7700
7700
7700
7700
7700
7700
7700
7700
7700
7700
7700
7700
7700
7700
7700
7700
7700
7700
7700
7700
7700
7700
7700
7700
7700
7700
7700
7700
7700
7700
7700
7700
7700
7700
7700
7866.26
7989.73
7984
7700
7700
7700
7700
7700
7700
7700
7700
7700
7700
7700
7700
7700
7700
7700
7700
7700
7700
7700
7700
7700
7700
7700
7700
7700
8018.53
8615.87
8787.94
7967.54
7810.24
7700
7700
7700
7700
7700
7700
7700
7700
7700
7700
7700
7700
7700
7700
7700
7700
7700
7700
7700
7700
7700
7700
7700
7700
7700
7700
7700
7700
7700
7700
7700
7700
7700
7700
7754.2
8289.93
8709.8
7701.13
7700
7700
7700
7700
7700
7700
7700
7700
7700
7700
7700
7700
7700
7700
7700
7700
7700
7700
7700
7700
7700
7700
7700
7700
7700
7700
8238.43
8112.46
7774.75
7700
7700
7700
7700
7700
7700
7700
7700
7700
7700
7700
7700
7700
7700
7700
7700
7700
7700
7700
7700
7700
7700
7700
7700
7700
7700
7700
7700
7700
7700
7700
7700
7700
7700
7700
7700
7700
7700
7700
7700
7700
7700
7700
7700
7700
7700
7700
7700
7700
7700
7700
7700
7700
7700
7700
7700
7700
7700
7700
7700
7700
7700
7700
7700
7700
7700
7700
7700
7700
7700
7700
7700
7700
7700
7700
7700
7700
7700
7700
7700
7700
7700
7700
7700
7700
7700
7700
7700
7700
7700
7700
7700
7700
7700
7700
7700
7700
7700
7700
7700
7700
7700
7700
7700
7700
7700
7700
7700
7700
7700
7700
7700
7700
7700
7700
7700
7700
7700
7700
7700
7700
7700
7700
7700
7700
7700
7700
7700
7700
7700
7700
7700
7700
7700
7700
7700
7700
7700
7700
7700
7700
7700
7700
7700
7700
7700
7700
7700
7700
7700
7700
7700
7700
7700
7700
7700
7700
7700
7700
7700
7700
7700
7700
7700
7700
7700
7700
7700
7700
7700
7700
7700
7700
7700
7700
7700
7700
7700
7700
7700
7700
7700
7700
7700
7700
7700
7700
7700
7700
7700
7700
7700
7700
7700
7700
7700
7700
7700
7700
7700
7700
7700
7700
7700
7700
7700
7700
7700
7700
7700
7700
7700
7700
7700
7700
7700
7700
7700
7700
7700
7700
7700
7700
7700
7700
7700
7700
7700
7700
7700
7700
7700
7700
7700
7700
7700
7700
7700
7700
7700
7700
7700
7700
7700
7700
7700
7700
7700
7700
7700
7700
7700
7700
7700
7700
7700
7700
7700
7700
7700
7700
7700
7700
7700
7700
7700
7700
7700
7700
7700
7700
7700
7700
7700
7700
7700
7700
7700
7700
7700
7700
7700
7700
7700
7700
7700
7700
7700
7700
7700
7700
7700
7700
7700
7700
7700
7700
7700
7700
7700
7700
7700
7700
7700
7700
7700
7700
7700
7700
7700
7700
7700
7700
7700
7700
7700
7700
7700
7700
7700
7700
7700
7700
7700
7700
7700
7700
7700
7700
7700
7700
7700
7700
7700
7700
7700
7700
7700
7700
7700
7700
7700
7700
7700
7700
7700
7700
7700
7700
7700
7700
7700
7700
7700
7700
7700
7700
7700
7700
7700
7700
7700
7700
7700
7700
7700
7700
7700
7700
7700
7700
7700
7700
7700
7700
7700
7700
7700
7700
7700
7700
7700
7700
7700
7700
7700
7700
7700
7700
7700
7700
7700
7700
7700
7700
7700
7700
7700
7700
7700
7700
7700
7700
7700
7700
7700
7700
7700
7700
7700
7700
7700
7700
7700
7700
7700
7700
7700
7700
7700
7700
7700
7700
7700
7700
7700
7700
7700
7700
7700
7700
7700
7700
7700
7700
7700
7700
7700
7700
7700
7700
7700
7700
7700
7700
7700
7700
7700
7700
7700
7700
7700
7700
7700
7700
7700
7700
7700
7700
7700
7700
7700
7700
7700
7700
7700
7700
7700
7700
7700
7700
7700
7700
7700
7700
7700
7700
7700
7700
7700
7700
7700
7700
7700
7700
7700
7700
7700
7700
7700
7700
7700
7700
7700
7700
7700
7700
7700
7700
7700
7700
7700
7700
7700
7700
7700
7700
7700
7700
7700
7700
7700
7700
7700
7700
7700
7700
7700
7700
7700
7700
7700
7700
7700
7700
7700
7700
7700
7700
7700
7700
7700
7700
7700
7700
7700
7700
7700
7700
7700
7700
7700
7700
7700
7700
7700
7700
7700
7700
7700
7700
7700
7700
7700
7700
7700
7700
7700
7700
7700
7700
7700
7700
7700
7700
7700
7700
7700
7700
7700
7700
7700
7700
7700
7700
7700
7700
7700
7700
7700
7700
7700
7700
7700
7700
7700
7700
7700
7700
7700
7700
7700
7700
7700
7700
7700
7700
7700
7700
7700
7700
7700
7700
7700
7700
7700
7700
7700
7700
7700
7700
7700
7700
7700
7700
7700
7700
7700
7700
7700
7700
7700
7700
7700
7700
7700
7700
7700
7700
7700
7700
7700
7700
7700
7700
7700
7700
7700
7700
7700
7700
7700
7700
7700
7700
7700
7700
7700
7700
7700
7700
7700
7700
7700
7700
7700
7700
7700
7700
7700
7700
7700
7700
7700
7700
7700
7700
7700
7700
7700
7700
7700
7700
7700
7700
7700
7700
7700
7700
7700
7700
7700
7700
7700
7700
7700
7700
7700
7700
7700
7700
7700
7700
7700
7700
7700
7700
7700
7700
7700
7700
7700
7700
7700
7700
7700
7700
7700
7700
7700
7700
7700
7700
7700
7700
7700
7700
7700
7700
7700
7700
7700
7700
7700
7700
7700
7700
7700
7700
7700
7700
7700
7700
7700
7700
7700
7700
7700
7700
7700
7700
7700
7700
7700
7700
7700
7700
7700
7700
7700
7700
7700
7700
7700
7700
7700
7700
7700
7700
7700
7700
7700
7700
7700
7700
7700
7700
7700
7700
7700
7700
7700
7700
7700
7700
7700
7700
7700
7700
7700
7700
7700
7700
7700
7700
7700
7700
7700
7700
7700
7700
7700
7700
7700
7700
7700
7700
7700
7700
7700
7700
7700
7700
7700
7700
7700
7700
7700
7700
7700
7700
7700
7700
7700
7700
7700
7700
7700
7700
7700
7700
7700
7700
7700
7700
7700
7700
7700
7700
7700
7700
7700
7700
7700
7700
7700
7700
7700
7700
7700
7700
7700
7700
7700
7700
7700
7700
7700
7700
7700
7700
7700
7700
7700
7700
7700
7700
7700
7700
7700
7700
7700
7700
7700
7700
7700
7700
7700
7700
7700
7700
7700
7700
7700
7700
7700
7700
7700
7700
7700
7700
7700
7700
7700
7700
7700
7700
7700
7700
7700
7700
7700
7700
7700
7700
7700
7700
7700
7700
7700
7700
7700
7700
7700
7700
7700
7700
7700
7700
7700
7700
7700
7700
7700
7700
7700
7700
7700
7700
7700
7700
7700
7700
7700
7700
7700
7700
7700
7700
7700
7700
7700
7700
7700
7700
7700
7700
7700
7700
7700
7700
7700
7700
7700
7700
7700
7700
7700
7700
7700
7700
7700
7700
7700
7700
7700
7700
7700
7700
7700
7700
7700
7700
7700
7700
7700
7700
7700
7700
7700
7700
7700
7700
7700
7700
7700
7700
7700
7700
7700
7700
7700
7700
7700
7700
7700
7700
7700
7700
7700
7700
7700
7700
7700
7700
7700
7700
7700
7700
7700
7700
7700
7700
7700
7700
7700
7700
7700
7700
7700
7700
7700
7700
7700
7700
7700
7700
7700
7700
7700
7700
7700
7700
7700
7700
7700
7700
7700
7700
7700
7700
7700
7700
7700
7700
7700
7700
7700
7700
7700
7700
7700
7700
7700
7700
7700
7700
7700
7700
7700
7700
7700
7700
7700
7700
7700
7700
7700
7700
7700
7700
7700
7700
7700
7700
7700
7700
7700
7700
7700
7700
7700
7700
7700
7700
7700
7700
7700
7700
7700
7700
7700
7700
7700
7700
7700
7700
7700
7700
7700
7700
7700
7700
7700
7700
7700
7700
7700
7700
7700
7700
7700
7700
7700
7700
7700
7700
7700
7700
7700
7700
7700
7700
7700
7700
7700
7700
7700
7700
7700
7700
7700
7700
7700
7700
7700
7700
7700
7700
7700
7700
7700
7700
7700
7700
7700
7700
7700
7700
7700
7700
7700
7700
7700
7700
7700
7700
7700
7700
7700
7700
7700
7700
7700
7700
7700
7700
7700
7700
7700
7700
7700
7700
7700
7700
7700
7700
7700
7700
7700
7700
7700
7700
7700
7700
7700
7700
7700
7700
7700
7700
7700
7700
7700
7700
7700
7700
7700
7700
7700
7700
7700
7700
7700
7700
7700
7700
7700
7700
7700
7700
7700
7700
7700
7700
7700
7700
7700
7700
7700
7700
7700
7700
7700
7700
7700
7700
7700
7700
7700
7700
7700
7700
7700
7700
7700
7700
7700
7700
7700
7700
7700
7700
7700
7700
7700
7700
7700
7700
7700
7700
7700
7700
7700
7700
7700
7700
7700
7700
7700
7700
7700
7700
7700
7700
7700
7700
7700
7700
7700
7700
7700
7700
7700
7700
7700
7700
7700
7700
7700
7700
7700
7700
7700
7700
7700
7700
7700
7700
7700
7700
7700
7700
7700
7700
7700
7700
7700
7700
7700
7700
7700
7700
7700
7700
7700
7700
7700
7700
7700
7700
7700
7700
7700
7700
7700
7700
7700
7700
7700
7700
7700
7700
7700
7700
7700
7700
7700
7700
7700
7700
7700
7700
7700
7700
7700
7700
7700
7700
7700
7700
7700
7700
7700
7700
7700
7700
7700
7700
7700
7700
7700
7700
7700
7700
7700
7700
7700
7700
7700
7700
7700
7700
7700
7700
7700
7700
7700
7700
7700
7700
7700
7700
7700
7700
7700
7700
7700
7700
7700
7700
7700
7700
7700
7700
7700
7700
7700
7700
7700
7700
7700
7700
7700
7700
7700
7700
7700
7700
7700
7700
7700
7700
7700
7700
7700
7700
7700
7700
7700
7700
7700
7700
7700
7700
7700
7700
7700
7700
7700
7700
7700
7700
7700
7700
7700
7700
7700
7700
7700
7700
7700
7700
7700
7700
7700
7700
7700
7700
7700
7700
7700
7700
7700
7700
7700
7700
7700
7700
7700
7700
7700
7700
7700
7700
7700
7700
7700
7700
7700
7700
7700
7700
7700
7700
7700
7700
7700
7700
7700
7700
7700
7700
7700
7700
7700
7700
7700
7700
7700
7700
7700
7700
7700
7700
7700
7700
7700
7700
7700
7700
7700
7700
7700
7700
7700
7700
7700
7700
7700
7700
7700
7700
7700
7700
7700
7700
7700
7700
7700
7700
7700
7700
7700
7700
7700
7700
7700
7700
7700
7700
7700
7700
7700
7700
7700
7700
7700
7700
7700
7700
7700
7700
7700
7700
7700
7700
7700
7700
7700
7700
7700
7700
7700
7700
7700
7700
7700
7700
7700
7700
7700
7700
7700
7700
7700
7700
7700
7700
7700
7700
7700
7700
7700
7700
7700
7700
7700
7700
7700
7700
7700
7700
7700
7700
7700
7700
7700
7700
7700
7700
7700
7700
7700
7700
7700
7700
7700
7700
7700
7700
7700
7700
7700
7700
7700
7700
7700
7700
7700
7700
7700
7700
7700
7700
7700
7700
7700
7700
7700
7700
7700
7700
7700
7700
7700
7700
7700
7700
7700
7700
7700
7700
7700
7700
7700
7700
7700
7700
7700
7700
7700
7700
7700
7700
7700
7700
7700
7700
7700
7700
7700
7700
7700
7700
7700
7700
7700
7700
7700
7700
7700
7700
7700
7700
7700
7700
7700
7700
7700
7700
7700
7700
7700
7700
7700
7700
7700
7700
7700
7700
7700
7700
7700
7700
7700
7700
7700
7700
7700
7700
7700
7700
7700
7700
7700
7700
7700
7700
7700
7700
7700
7700
7700
7700
7700
7700
7700
7700
7700
7700
7700
7700
7700
7700
7700
7700
7700
7700
7700
7700
7700
7700
7700
7700
7700
7700
7700
7700
7700
7700
7700
7700
7700
7700
7700
7700
7700
7700
7700
7700
7700
7700
7700
7700
7700
7700
7700
7700
7700
7700
7700
7700
7700
7700
7700
7700
7700
7700
7700
7700
7700
7700
7700
7700
7700
7700
7700
7700
7700
7700
7700
7700
7700
7700
7700
7700
7700
7700
7700
7700
7700
7700
7700
7700
7700
7700
7700
7700
7700
7700
7700
7700
7700
7700
7700
7700
7700
7700
7700
7700
7700
7700
7700
7700
7700
7700
7700
7700
7700
7700
7700
7700
7700
7700
7700
7700
7700
7700
7700
7700
7700
7700
7700
7700
7700
7700
7700
7700
7700
7700
7700
7700
7700
7700
7700
7700
7700
7700
7700
7700
7700
7700
7700
7700
7700
7700
7700
7700
7700
7700
7700
7700
7700
7700
7700
7700
7700
7700
7700
7700
7700
7700
7700
7700
7700
7700
7700
7700
7700
7700
7700
7700
7700
7700
7700
7700
7700
7700
7700
7700
7700
7700
7700
7700
7700
7700
7700
7700
7700
7700
7700
7700
7700
7700
7700
7700
7700
7700
7700
7700
7700
7700
7700
7700
7700
7700
7700
7700
7700
7700
7700
7700
7700
7700
7700
7700
7700
7700
7700
7700
7700
7700
7700
7700
7700
7700
7700
7700
7700
7700
7700
7700
7700
7700
7700
7700
7700
7700
7700
7700
7700
7700
7700
7700
7700
7700
7700
7700
7700
7700
7700
7700
7700
7700
7700
7700
7700
7700
7700
7700
7700
7700
7700
7700
7700
7700
7700
7700
7700
7700
7700
7700
7700
7700
7700
7700
7700
7700
7700
7700
7700
7700
7700
7700
7700
7700
7700
7700
7700
7700
7700
7700
7700
7700
7700
7700
7700
7700
7700
7700
7700
7700
7700
7700
7700
7700
7700
7700
7700
7700
7700
7700
7700
7700
7700
7700
7700
7700
7700
7700
7700
7700
7700
7700
7700
7700
7700
7700
7700
7700
7700
7700
7700
7700
7700
7700
7700
7700
7700
7700
7700
7700
7700
7700
7700
7700
7700
7700
7700
7700
7700
7700
7700
7700
7700
7700
7700
7700
7700
7700
7700
7700
7700
7700
7700
7700
7700
7700
7700
7700
7700
7700
7700
7700
7700
7700
7700
7700
7700
7700
7700
7700
7700
7700
7700
7700
7700
7700
7700
7700
7700
7700
7700
7700
7700
7700
7700
7700
7700
7700
7700
7700
7700
7700
7700
7700
7700
7700
7700
7700
7700
7700
7700
7700
7700
7700
7700
7700
7700
7700
7700
7700
7700
7700
7700
7700
7700
7700
7700
7700
7700
7700
7700
7700
7700
7700
7700
7700
7700
7700
7700
7700
7700
7700
7700
7700
7700
7700
7700
7700
7700
7700
7700
7700
7700
7700
7700
7700
7700
7700
7700
7700
7700
7700
7700
7700
7700
7700
7700
7700
7700
7700
7700
7700
7700
7700
7700
7700
7700
7700
7700
7700
7700
7700
7700
7700
7700
7700
7700
7700
7700
7700
7700
7700
7700
7700
7700
7700
7700
7700
7700
7700
7700
7700
7700
7700
7700
7700
7700
7700
7700
7700
7700
7700
7700
7700
7700
7700
7700
7700
7700
7700
7700
7700
7700
7700
7700
7700
7700
7700
7700
7700
7700
7700
7700
7700
7700
7700
7700
7700
7700
7700
7700
7700
7700
7700
7700
7700
7700
7700
7700
7700
7700
7700
7700
7700
7700
7700
7700
7700
7700
7700
7700
7700
7700
7700
7700
7700
7700
7700
7700
7700
7700
7700
7700
7700
7700
7700
7700
7700
7700
7700
7700
7700
7700
7700
7700
7700
7700
7700
7700
7700
7700
7700
7700
7700
7700
7700
7700
7700
7700
7700
7700
7700
7700
7700
7700
7700
7700
7700
7700
7700
7700
7700
7700
7700
7700
7700
7700
7700
7700
7700
7700
7700
7700
7700
7700
7700
7700
7700
7700
7700
7700
7700
7700
7700
7700
7700
7700
7700
7700
7700
7700
7700
7700
7700
7700
7700
7700
7700
7700
7700
7700
7700
7700
7700
7700
7700
7700
7700
7700
7700
7700
7700
7700
7700
7700
7700
7700
7700
7700
7700
7700
7700
7700
7700
7700
7700
7700
7700
7700
7700
7700
7700
7700
7700
7700
7700
7700
7700
7700
7700
7700
7700
7700
7700
7700
7700
7700
7700
7700
7700
7700
7700
7700
7700
7700
7700
7700
7700
7700
7700
7700
7700
7700
7700
7700
7700
7700
7700
7700
7700
7700
7700
7700
7700
7700
7700
7700
7700
7700
7700
7700
7700
7700
7700
7700
7700
7700
7700
7700
7700
7700
7700
7700
7700
7700
7700
7700
7700
7700
7700
7700
7700
7700
7700
7700
7700
7700
7700
7700
7700
7700
7700
7700
7700
7700
7700
7700
7700
7700
7700
7700
7700
7700
7700
7700
7700
7700
7700
7700
7700
7700
7700
7700
7700
7700
7700
7700
7700
7700
7700
7700
7700
7700
7700
7700
7700
7700
7700
7700
7700
7700
7700
7700
7700
7700
7700
7700
7700
7700
7700
7700
7700
7700
7700
7700
7700
7700
7700
7700
7700
7700
7700
7700
7700
7700
7700
7700
7700
7700
7700
7700
7700
7700
7700
7700
7700
7700
7700
7700
7700
7700
7700
7700
7700
7700
7700
7700
7700
7700
7700
7700
7700
7700
7700
7700
7700
7700
7700
7700
7700
7700
7700
7700
7700
7700
7700
7700
7700
7700
7700
7700
7700
7700
7700
7700
7700
7700
7700
7700
7700
7700
7700
7700
7700
7700
7700
7700
7700
7700
7700
7700
7700
7700
7700
7700
7700
7700
7700
7700
7700
7700
7700
7700
7700
7700
7700
7700
7700
7700
7700
7700
7700
7700
7700
7700
7700
7700
7700
7700
7700
7700
7700
7700
7700
7700
7700
7700
7700
7700
7700
7700
7700
7700
7700
7700
7700
7700
7700
7700
7700
7700
7700
7700
7700
7700
7700
7700
7700
7700
7700
7700
7700
7700
7700
7700
7700
7700
7700
7700
7700
7700
7700
7700
7700
7700
7700
7700
7700
7700
7700
7700
7700
7700
7700
7700
7700
7700
7700
7700
7700
7700
7700
7700
7700
7700
7700
7700
7700
7700
7700
7700
7700
7700
7700
7700
7700
7700
7700
7700
7700
7700
7700
7700
7700
7700
7700
7700
7700
7700
7700
7700
7700
7700
7700
7700
7700
7700
7700
7700
7700
7700
7700
7700
7700
7700
7700
7700
7700
7700
7700
7700
7700
7700
7700
7700
7700
7700
7700
7700
7700
7700
7700
7700
7700
7700
7700
7700
7700
7700
7700
7700
7700
7700
7700
7700
7700
7700
7700
7700
7700
7700
7700
7700
7700
7700
7700
7700
7700
7700
7700
7700
7700
7700
7700
7700
7700
7700
7700
7700
7700
7700
7700
7700
7700
7700
7700
7700
7700
7700
7700
7700
7700
7700
7700
7700
7700
7700
7700
7700
7700
7700
7700
7700
7700
7700
7700
7700
7700
7700
7700
7700
7700
7700
7700
7700
7700
7700
7700
7700
7700
7700
7700
7700
7700
7700
7700
7700
7700
7700
7700
7700
7700
7700
7700
7700
7700
7700
7700
7700
7700
7700
7700
7700
7700
7700
7700
7700
7700
7700
7700
7700
7700
7700
7700
7700
7700
7700
7700
7700
7700
7700
7700
7700
7700
7700
7700
7700
7700
7700
7700
7700
7700
7700
7700
7700
7700
7700
7700
7700
7700
7700
7700
7700
7700
7700
7700
7700
7700
7700
7700
7700
7700
7700
7700
7700
7700
7700
7700
7700
7700
7700
7700
7700
7700
7700
7700
7700
7700
7700
7700
7700
7700
7700
7700
7700
7700
7700
7700
7700
7700
7700
7700
7700
7700
7700
7700
7700
7700
7700
7700
7700
7700
7700
7700
7700
7700
7700
7700
7700
7700
7700
7700
7700
7700
7700
7700
7700
7700
7700
7700
7700
7700
7700
7700
7700
7700
7700
7700
7700
7700
7700
7700
7700
7700
7700
7700
7700
7700
7700
7700
7700
7700
7700
7700
7700
7700
7700
7700
7700
7700
7700
7700
7700
7700
7700
7700
7700
7700
7700
7700
7700
7700
7700
7700
7700
7700
7700
7700
7700
7700
7700
7700
7700
7700
7700
7700
7700
7700
7700
7700
7700
7700
7700
7700
7700
7700
7700
7700
7700
7700
7700
7700
7700
7700
7700
7700
7700
7700
7700
7700
7700
7700
7700
7700
7700
7700
7700
7700
7700
7700
7700
7700
7700
7700
7700
7700
7700
7700
7700
7700
7700
7700
7700
7700
7700
7700
7700
7700
7700
7700
7700
7700
7700
7700
7700
7700
7700
7700
7700
7700
7700
7700
7700
7700
7700
7700
7700
7700
7700
7700
7700
7700
7700
7700
7700
7700
7700
7700
7700
7700
7700
7700
7700
7700
7700
7700
7700
7700
7700
7700
7700
7700
7700
7700
7700
7700
7700
7700
7700
7700
7700
7700
7700
7700
7700
7700
7700
7700
7700
7700
7700
7700
7700
7700
7700
7700
7700
7700
7700
7700
7700
7700
7700
7700
7700
7700
7700
7700
7700
7700
7700
7700
7700
7700
7700
7700
7700
7700
7700
7700
7700
7700
7700
7700
7700
7700
7700
7700
7700
7700
7700
7700
7700
7700
7700
7700
7700
7700
7700
7700
7700
7700
7700
7700
7700
7700
7700
7700
7700
7700
7700
7700
7700
7700
7700
7700
7700
7700
7700
7700
7700
7700
7700
7700
7700
7700
7700
7700
7700
7700
7700
7700
7700
7700
7700
7700
7700
7700
7700
7700
7700
7700
7700
7700
7700
7700
7700
7700
7700
7700
7700
7700
7700
7700
7700
7700
7700
7700
7700
7700
7700
7700
7700
7700
7700
7700
7700
7700
7700
7700
7700
7700
7700
7700
7700
7700
7700
7700
7700
7700
7700
7700
7700
7700
7700
7700
7700
7700
7700
7700
7700
7700
7700
7700
7700
7700
7700
7700
7700
7700
7700
7700
7700
7700
7700
7700
7700
7700
7700
7700
7700
7700
7700
7700
7700
7700
7700
7700
7700
7700
7700
7700
7700
7700
7700
7700
7700
7700
7700
7700
7700
7700
7700
7700
7700
7700
7700
7700
7700
7700
7700
7700
7700
7700
7700
7700
7700
7700
7700
7700
7700
7700
7700
7700
7700
7700
7700
7700
7700
7700
7700
7700
7700
7700
7700
7700
7700
7700
7700
7700
7700
7700
7700
7700
7700
7700
7700
7700
7700
7700
7700
7700
7700
7700
7700
7700
7700
7700
7700
7700
7700
7700
7700
7700
7700
7700
7700
7700
7700
7700
7700
7700
7700
7700
7700
7700
7700
7700
7700
7700
7700
7700
7700
7700
7700
7700
7700
7700
7700
7700
7700
7700
7700
7700
7700
7700
7700
7700
7700
7700
7700
7700
7700
7700
7700
7700
7700
7700
7700
7700
7700
7700
7700
7700
7700
7700
7700
7700
7700
7700
7700
7700
7700
7700
7700
7700
7700
7700
7700
7700
7700
7700
7700
7700
7700
7700
7700
7700
7700
7700
7700
7700
7700
7700
7700
7700
7700
7700
7700
7700
7700
7700
7700
7700
7700
7700
7700
7700
7700
7700
7700
7700
7700
7700
7700
7700
7700
7700
7700
7700
7700
7700
7700
7700
7700
7700
7700
7700
7700
7700
7700
7700
7700
7700
7700
7700
7700
7700
7700
7700
7700
7700
7700
7700
7700
7700
7700
7700
7700
7700
7700
7700
7700
7700
7700
7700
7700
7700
7700
7700
7700
7700
7700
7700
7700
7700
7700
7700
7700
7700
7700
7700
7700
7700
7700
7700
7700
7700
7700
7700
7700
7700
7700
7700
7700
7700
7700
7700
7700
7700
7700
7700
7700
7700
7700
7700
7700
7700
7700
7700
7700
7700
7700
7700
7700
7700
7700
7700
7700
7700
7700
7700
7700
7700
7700
7700
7700
7700
7700
7700
7700
7700
7700
7700
7700
7700
7700
7700
7700
7700
7700
7700
7700
7700
7700
7700
7700
7700
7700
7700
7700
7700
7700
7700
7700
7700
7700
7700
7700
7700
7700
7700
7700
7700
7700
7700
7700
7700
7700
7700
7700
7700
7700
7700
7700
7700
7700
7700
7700
7700
7700
7700
7700
7700
7700
7700
7700
7700
7700
7700
7700
7700
7700
7700
7700
7700
7700
7700
7700
7700
7700
7700
7700
7700
7700
7700
7700
7700
7700
7700
7700
7700
7700
7700
7700
7700
7700
7700
7700
7700
7700
7700
7700
7700
7700
7700
7700
7700
7700
7700
7700
7700
7700
7700
7700
7700
7700
7700
7700
7700
7700
7700
7700
7700
7700
7700
7700
7700
7700
7700
7700
7700
7700
7700
7700
7700
7700
7700
7700
7700
7700
7700
7700
7700
7700
7700
7700
7700
7700
7700
7700
7700
7700
7700
7700
7700
7700
7700
7700
7700
7700
7700
7700
7700
7700
7700
7700
7700
7700
7700
7700
7700
7700
7700
7700
7700
7700
7700
7700
7700
7700
7700
7700
7700
7700
7700
7700
7700
7700
7700
7700
7700
7700
7700
7700
7700
7700
7700
7700
7700
7700
7700
7700
7700
7700
7700
7700
7700
7700
7700
7700
7700
7700
7700
7700
7700
7700
7700
7700
7700
7700
7700
7700
7700
7700
7700
7700
7700
7700
7700
7700
7700
7700
7700
7700
7700
7700
7700
7700
7700
7700
7700
7700
7700
7700
7700
7700
7700
7700
7700
7700
7700
7700
7700
7700
7700
7700
7700
7700
7700
7700
7700
7700
7700
7700
7700
7700
7700
7700
7700
7700
7700
7700
7700
7700
7700
7700
7700
7700
7700
7700
7700
7700
7700
7700
7700
7700
7700
7700
7700
7700
7700
7700
7700
7700
7700
7700
7700
7700
7700
7700
7700
7700
7700
7700
7700
7700
7700
7700
7700
7700
7700
7700
7700
7700
7700
7700
7700
7700
7700
7700
7700
7700
7700
7700
7700
7700
7700
7700
7700
7700
7700
7700
7700
7700
7700
7700
7700
7700
7700
7700
7700
7700
7700
7700
7700
7700
7700
7700
7700
7700
7700
7700
7700
7700
7700
7700
7700
7700
7700
7700
7700
7700
7700
7700
7700
7700
7700
7700
7700
7700
7700
7700
7700
7700
7700
7700
7700
7700
7700
7700
7700
7700
7700
7700
7700
7700
7700
7700
7700
7700
7700
7700
7700
7700
7700
7700
7700
7700
7700
7700
7700
7700
7700
7700
7700
7700
7700
7700
7700
7700
7700
7700
7700
7700
7700
7700
7700
7700
7700
7700
7700
7700
7700
7700
7700
7700
7700
7700
7700
7700
7700
7700
7700
7700
7700
7700
7700
7700
7700
7700
7700
7700
7700
7700
7700
7700
7700
7700
7700
7700
7700
7700
7700
7700
7700
7700
7700
7700
7700
7700
7700
7700
7700
7700
7700
7700
7700
7700
7700
7700
7700
7700
7700
7700
7700
7700
7700
7700
7700
7700
7700
7700
7700
7700
7700
7700
7700
7700
7700
7700
7700
7700
7700
7700
7700
7700
7700
7700
7700
7700
7700
7700
7700
7700
7700
7700
7700
7700
7700
7700
7700
7700
7700
7700
7700
7700
7700
7700
7700
7700
7700
7700
7700
7700
7700
7700
7700
7700
7700
7700
7700
7700
7700
7700
7700
7700
7700
7700
7700
7700
7700
7700
7700
7700
7700
7700
7700
7700
7700
7700
7700
7700
7700
7700
7700
7700
7700
7700
7700
7700
7700
7700
7700
7700
7700
7700
7700
7700
7700
7700
7700
7700
7700
7700
7700
7700
7700
7700
7700
7700
7700
7700
7700
7700
7700
7700
7700
7700
7700
7700
7700
7700
7700
7700
7700
7700
7700
7700
7700
7700
7700
7700
7700
7700
7700
7700
7700
7700
7700
7700
7700
7700
7700
7700
7700
7700
7700
7700
7700
7700
7700
7700
7700
7700
7700
7700
7700
7700
7700
7700
7700
7700
7700
7700
7700
7700
7700
7700
7700
7700
7700
7700
7700
7700
7700
7700
7700
7700
7700
7700
7700
7700
7700
7700
7700
7700
7700
7700
7700
7700
7700
7700
7700
7700
7700
7700
7700
7700
7700
7700
7700
7700
7700
7700
7700
7700
7700
7700
7700
7700
7700
7700
7700
7700
7700
7700
7700
7700
7700
7700
7700
7700
7700
7700
7700
7700
7700
7700
7700
7700
7700
7700
7700
7700
7700
7700
7700
7700
7700
7700
7700
7700
7700
7700
7700
7700
7700
7700
7700
7700
7700
7700
7700
7700
7700
7700
7700
7700
7700
7700
7700
7700
7700
7700
7700
7700
7700
7700
7700
7700
7700
7700
7700
7700
7700
7700
7700
7700
7700
7700
7700
7700
7700
7700
7700
7700
7700
7700
7700
7700
7700
7700
7700
7700
7700
7700
7700
7700
7700
7700
7700
7700
7700
7700
7700
7700
7700
7700
7700
7700
7700
7700
7700
7700
7700
7700
7700
7700
7700
7700
7700
7700
7700
7700
7700
7700
7700
7700
7700
7700
7700
7700
7700
7700
7700
7700
7700
7700
7700
7700
7700
7700
7700
7700
7700
7700
7700
7700
7700
7700
7700
7700
7700
7700
7700
7700
7700
7700
7700
7700
7700
7700
7700
7700
7700
7700
7700
7700
7700
7700
7700
7700
7700
7700
7700
7700
7700
7700
7700
7700
7700
7700
7700
7700
7700
7700
7700
7700
7700
7700
7700
7700
7700
7700
7700
7700
7700
7700
7700
7700
7700
7700
7700
7700
7700
7700
7700
7700
7700
7700
7700
7700
7700
7700
7700
7700
7700
7700
7700
7700
7700
7700
7700
7700
7700
7700
7700
7700
7700
7700
7700
7700
7700
7700
7700
7700
7700
7700
7700
7700
7700
7700
7700
7700
7700
7700
7700
7700
7700
7700
7700
7700
7700
7700
7700
7700
7700
7700
7700
7700
7700
7700
7700
7700
7700
7700
7700
7700
7700
7700
7700
7700
7700
7700
7700
7700
7700
7700
7700
7700
7700
7700
7700
7700
7700
7700
7700
7700
7700
7700
7700
7700
7700
7700
7700
7700
7700
7700
7700
7700
7700
7700
7700
7700
7700
7700
7700
7700
7700
7700
7700
7700
7700
7700
7700
7700
7700
7700
7700
7700
7700
7700
7700
7700
7700
7700
7700
7700
7700
7700
7700
7700
7700
7700
7700
7700
7700
7700
7700
7700
7700
7700
7700
7700
7700
7700
7700
7700
7700
7700
7700
7700
7700
7700
7700
7700
7700
7700
7700
7700
7700
7700
7700
7700
7700
7700
7700
7700
7700
7700
7700
7700
7700
7700
7700
7700
7700
7700
7700
7700
7700
7700
7700
7700
7700
7700
7700
7700
7700
7700
7700
7700
7700
7700
7700
7700
7700
7700
7700
7700
7700
7700
7700
7700
7700
7700
7700
7700
7700
7700
7700
7700
7700
7700
7700
7700
7700
7700
7700
7700
7700
7700
7700
7700
7700
7700
7700
7700
7700
7700
7700
7700
7700
7700
7700
7700
7700
7700
7700
7700
7700
7700
7700
7700
7700
7700
7700
7700
7700
7700
7700
7700
7700
7700
7700
7700
7700
7700
7700
7700
7700
7700
7700
7700
7700
7700
7700
7700
7700
7700
7700
7700
7700
7700
7700
7700
7700
7700
7700
7700
7700
7700
7700
7700
7700
7700
7700
7700
7700
7700
7700
7700
7700
7700
7700
7700
7700
7700
7700
7700
7700
7700
7700
7700
7700
7700
7700
7700
7700
7700
7700
7700
7700
7700
7700
7700
7700
7700
7700
7700
7700
7700
7700
7700
7700
7700
7700
7700
7700
7700
7700
7700
7700
7700
7700
7700
7700
7700
7700
7700
7700
7700
7700
7700
7700
7700
7700
7700
7700
7700
7700
7700
7700
7700
7700
7700
7700
7700
7700
7700
7700
7700
7700
7700
7700
7700
7700
7700
7700
7700
7700
7700
7700
7700
7700
7700
7700
7700
7700
7700
7700
7700
7700
7700
7700
7700
7700
7700
7700
7700
7700
7700
7700
7700
7700
7700
7700
7700
7700
7700
7700
7700
7700
7700
7700
7700
7700
7700
7700
7700
7700
7700
7700
7700
7700
7700
7700
7700
7700
7700
7700
7700
7700
7700
7700
7700
7700
7700
7700
7700
7700
7700
7700
7700
7700
7700
7700
7700
7700
7700
7700
7700
7700
7700
7700
7700
7700
7700
7700
7700
7700
7700
7700
7700
7700
7700
7700
7700
7700
7700
7700
7700
7700
7700
7700
7700
7700
7700
7700
7700
7700
7700
7700
7700
7700
7700
7700
7700
7700
7700
7700
7700
7700
7700
7700
7700
7700
7700
7700
7700
7700
7700
7700
7700
7700
7700
7700
7700
7700
7700
7700
7700
7700
7700
7700
7700
7700
7700
7700
7700
7700
7700
7700
7700
7700
7700
7700
7700
7700
7700
7700
7700
7700
7700
7700
7700
7700
7700
7700
7700
7700
7700
7700
7700
7700
7700
7700
7700
7700
7700
7700
7700
7700
7700
7700
7700
7700
7700
7700
7700
7700
7700
7700
7700
7700
7700
7700
7700
7700
7700
7700
7700
7700
7700
7700
7700
7700
7700
7700
7700
7700
7700
7700
7700
7700
7700
7700
7700
7700
7700
7700
7700
7700
7700
7700
7700
7700
7700
7700
7700
7700
7700
7700
7700
7700
7700
7700
7700
7700
7700
7700
7700
7700
7700
7700
7700
7700
7700
7700
7700
7700
7700
7700
7700
7700
7700
7700
7700
7700
7700
7700
7700
7700
7700
7700
7700
7700
7700
7700
7700
7700
7700
7700
7700
7700
7700
7700
7700
7700
7700
7700
7700
7700
7700
7700
7700
7700
7700
7700
7700
7700
7700
7700
7700
7700
7700
7700
7700
7700
7700
7700
7700
7700
7700
7700
7700
7700
7700
7700
7700
7700
7700
7700
7700
7700
7700
7700
7700
7700
7700
7700
7700
7700
7700
7700
7700
7700
7700
7700
7700
7700
7700
7700
7700
7700
7700
7700
7700
7700
7700
7700
7700
7700
7700
7700
7700
7700
7700
7700
7700
7700
7700
7700
7700
7700
7700
7700
7700
7700
7700
7700
7700
7700
7700
7700
7700
7700
7700
7700
7700
7700
7700
7700
7700
7700
7700
7700
7700
7700
7700
7700
7700
7700
7700
7700
7700
7700
7700
7700
7700
7700
7700
7700
7700
7700
7700
7700
7700
7700
7700
7700
7700
7700
7700
7700
7700
7700
7700
7700
7700
7700
7700
7700
7700
7700
7700
7700
7700
7700
7700
7700
7700
7700
7700
7700
7700
7700
7700
7700
7700
7700
7700
7700
7700
7700
7700
7700
7700
7700
7700
7700
7700
7700
7700
7700
7700
7700
7700
7700
7700
7700
7700
7700
7700
7700
7700
7700
7700
7700
7700
7700
7700
7700
7700
7700
7700
7700
7700
7700
7700
7700
7700
7700
7700
7700
7700
7700
7700
7700
7700
7700
7700
7700
7700
7700
7700
7700
7700
7700
7700
7700
7700
7700
7700
7700
7700
7700
7700
7700
7700
7700
7700
7700
7700
7700
7700
7700
7700
7700
7700
7700
7700
7700
7700
7700
7700
7700
7700
7700
7700
7700
7700
7700
7700
7700
7700
7700
7700
7700
7700
7700
7700
7700
7700
7700
7700
7700
7700
7700
7700
7700
7700
7700
7700
7700
7700
7700
7700
7700
7700
7700
7700
7700
7700
7700
7700
7700
7700
7700
7700
7700
7700
7700
7700
7700
7700
7700
7700
7700
7700
7700
7700
7700
7700
7700
7700
7700
7700
7700
7700
7700
7700
7700
7700
7700
7700
7700
7700
7700
7700
7700
7700
7700
7700
7700
7700
7700
7700
7700
7700
7700
7700
7700
7700
7700
7700
7700
7700
7700
7700
7700
7700
7700
7700
7700
7700
7700
7700
7700
7700
7700
7700
7700
7700
7700
7700
7700
7700
7700
7700
7700
7700
7700
7700
7700
7700
7700
7700
7700
7700
7700
7700
7700
7700
7700
7700
7700
7700
7700
7700
7700
7700
7700
7700
7700
7700
7700
7700
7700
7700
7700
7700
7700
7700
7700
7700
7700
7700
7700
7700
7700
7700
7700
7700
7700
7700
7700
7700
7700
7700
7700
7700
7700
7700
7700
7700
7700
7700
7700
7700
7700
7700
7700
7700
7700
7700
7700
7700
7700
7700
7700
7700
7700
7700
7700
7700
7700
7700
7700
7700
7700
7700
7700
7700
7700
7700
7700
7700
7700
7700
7700
7700
7700
7700
7700
7700
7700
7700
7700
7700
7700
7700
7700
7700
7700
7700
7700
7700
7700
7700
7700
7700
7700
7700
7700
7700
7700
7700
7700
7700
7700
7700
7700
7700
7700
7700
7700
7700
7700
7700
7700
7700
7700
7700
7700
7700
7700
7700
7700
7700
7700
7700
7700
7700
7700
7700
7700
7700
7700
7700
7700
7700
7700
7700
7700
7700
7700
7700
7700
7700
7700
7700
7700
7700
7700
7700
7700
7700
7700
7700
7700
7700
7700
7700
7700
7700
7700
7700
7700
7700
7700
7700
7700
7700
7700
7700
7700
7700
7700
7700
7700
7700
7700
7700
7700
7700
7700
7700
7700
7700
7700
7700
7700
7700
7700
7700
7700
7700
7700
7700
7700
7700
7700
7700
7700
7700
7700
7700
7700
7700
7700
7700
7700
7700
7700
7700
7700
7700
7700
7700
7700
7700
7700
7700
7700
7700
7700
7700
7700
7700
7700
7700
7700
7700
7700
7700
7700
7700
7700
7700
7700
7700
7700
7700
7700
7700
7700
7700
7700
7700
7700
7700
7700
7700
7700
7700
7700
7700
7700
7700
7700
7700
7700
7700
7700
7700
7700
7700
7700
7700
7700
7700
7700
7700
7700
7700
7700
7700
7700
7700
7700
7700
7700
7700
7700
7700
7700
7700
7700
7700
7700
7700
7700
7700
7700
7700
7700
7700
7700
7700
7700
7700
7700
7700
7700
7700
7700
7700
7700
7700
7700
7700
7700
7700
7700
7700
7700
7700
7700
7700
7700
7700
7700
7700
7700
7700
7700
7700
7700
7700
7700
7700
7700
7700
7700
7700
7700
7700
7700
7700
7700
7700
7700
7700
7700
7700
7700
7700
7700
7700
7700
7700
7700
7700
7700
7700
7700
7700
7700
7700
7700
7700
7700
7700
7700
7700
7700
7700
7700
7700
7700
7700
7700
7700
7700
7700
7700
7700
7700
7700
7700
7700
7700
7700
7700
7700
7700
7700
7700
7700
7700
7700
7700
7700
7700
7700
7700
7700
7700
7700
7700
7700
7700
7700
7700
7700
7700
7700
7700
7700
7700
7700
7700
7700
7700
7700
7700
7700
7700
7700
7700
7700
7700
7700
7700
7700
7700
7700
7700
7700
7700
7700
7700
7700
7700
7700
7700
7700
7700
7700
7700
7700
7700
7700
7700
7700
7700
7700
7700
7700
7700
7700
7700
7700
7700
7700
7700
7700
7700
7700
7700
7700
7700
7700
7700
7700
7700
7700
7700
7700
7700
7700
7700
7700
7700
7700
7700
7700
7700
7700
7700
7700
7700
7700
7700
7700
7700
7700
7700
7700
7700
7700
7700
7700
7700
7700
7700
7700
7700
7700
7700
7700
7700
7700
7700
7700
7700
7700
7700
7700
7700
7700
7700
7700
7700
7700
7700
7700
7700
7700
7700
7700
7700
7700
7700
7700
7700
7700
7700
7700
7700
7700
7700
7700
7700
7700
7700
7700
7700
7700
7700
7700
7700
7700
7700
7700
7700
7700
7700
7700
7700
7700
7700
7700
7700
7700
7700
7700
7700
7700
7700
7700
7700
7700
7700
7700
7700
7700
7700
7700
7700
7700
7700
7700
7700
7700
7700
7700
7700
7700
7700
7700
7700
7700
7700
7700
7700
7700
7700
7700
7700
7700
7700
7700
7700
7700
7700
7700
7700
7700
7700
7700
7700
7700
7700
7700
7700
7700
7700
7700
7700
7700
7700
7700
7700
7700
7700
7700
7700
7700
7700
7700
7700
7700
7700
7700
7700
7700
7700
7700
7700
7700
7700
7700
7700
7700
7700
7700
7700
7700
7700
7700
7700
7700
7700
7700
7700
7700
7700
7700
7700
7700
7700
7700
7700
7700
7700
7700
7700
7700
7700
7700
7700
7700
7700
7700
7700
7700
7700
7700
7700
7700
7700
7700
7700
7700
7700
7700
7700
7700
7700
7700
7700
7700
7700
7700
7700
7700
7700
7700
7700
7700
7700
7700
7700
7700
7700
7700
7700
7700
7700
7700
7700
7700
7700
7700
7700
7700
7700
7700
7700
7700
7700
7700
7700
7700
7700
7700
7700
7700
7700
7700
7700
7700
7700
7700
7700
7700
7700
7700
7700
7700
7700
7700
7700
7700
7700
7700
7700
7700
7700
7700
7700
7700
7700
7700
7700
7700
7700
7700
7700
7700
7700
7700
7700
7700
7700
7700
7700
7700
7700
7700
7700
7700
7700
7700
7700
7700
7700
7700
7700
7700
7700
7700
7700
7700
7700
7700
7700
7700
7700
7700
7700
7700
7700
7700
7700
7700
7700
7700
7700
7700
7700
7700
7700
7700
7700
7700
7700
7700
7700
7700
7700
7700
7700
7700
7700
7700
7700
7700
7700
7700
7700
7700
7700
7700
7700
7700
7700
7700
7700
7700
7700
7700
7700
7700
7700
7700
7700
7700
7700
7700
7700
7700
7700
7700
7700
7700
7700
7700
7700
7700
7700
7700
7700
7700
7700
7700
7700
7700
7700
7700
7700
7700
7700
7700
7700
7700
7700
7700
7700
7700
7700
7700
7700
7700
7700
7700
7700
7700
7700
7700
7700
7700
7700
7700
7700
7700
7700
7700
7700
7700
7700
7700
7700
7700
7700
7700
7700
7700
7700
7700
7700
7700
7700
7700
7700
7700
7700
7700
7700
7700
7700
7700
7700
7700
7700
7700
7700
7700
7700
7700
7700
7700
7700
7700
7700
7700
7700
7700
7700
7700
7700
7700
7700
7700
7700
7700
7700
7700
7700
7700
7700
7700
7700
7700
7700
7700
7700
7700
7700
7700
7700
7700
7700
7700
7700
7700
7700
7700
7700
7700
7700
7700
7700
7700
7700
7700
7700
7700
7700
7700
7700
7700
7700
7700
7700
7700
7700
7700
7700
7700
7700
7700
7700
7700
7700
7700
7700
7700
7700
7700
7700
7700
7700
7700
7700
7700
7700
7700
7700
7700
7700
7700
7700
7700
7700
7700
7700
7700
7700
7700
7700
7700
7700
7700
7700
7700
7700
7700
7700
7700
7700
7700
7700
7700
7700
7700
7700
7700
7700
7700
7700
7700
7700
7700
7700
7700
7700
7700
7700
7700
7700
7700
7700
7700
7700
7700
7700
7700
7700
7700
7700
7700
7700
7700
7700
7700
7700
7700
7700
7700
7700
7700
7700
7700
7700
7700
7700
7700
7700
7700
7700
7700
7700
7700
7700
7700
7700
7700
7700
7700
7700
7700
7700
7700
7700
7700
7700
7700
7700
7700
7700
7700
7700
7700
7700
7700
7700
7700
7700
7700
7700
7700
7700
7700
7700
7700
7700
7700
7700
7700
7700
7700
7700
7700
7700
7700
7700
7700
7700
7700
7700
7700
7700
7700
7700
7700
7700
7700
7700
7700
7700
7700
7700
7700
7700
7700
7700
7700
7700
7700
7700
7700
7700
7700
7700
7700
7700
7700
7700
7700
7700
7700
7700
7700
7700
7700
7700
7700
7700
7700
7700
7700
7700
7700
7700
7700
7700
7700
7700
7700
7700
7700
7700
7700
7700
7700
7700
7700
7700
7700
7700
7700
7700
7700
7700
7700
7700
7700
7700
7700
7700
7700
7700
7700
7700
7700
7700
7700
7700
7700
7700
7700
7700
7700
7700
7700
7700
7700
7700
7700
7700
7700
7700
7700
7700
7700
7700
7700
7700
7700
7700
7700
7700
7700
7700
7700
7700
7700
7700
7700
7700
7700
7700
7700
7700
7700
7700
7700
7700
7700
7700
7700
7700
7700
7700
7700
7700
7700
7700
7700
7700
7700
7700
7700
7700
7700
7700
7700
7700
7700
7700
7700
7700
7700
7700
7700
7700
7700
7700
7700
7700
7700
7700
7700
7700
7700
7700
7700
7700
7700
7700
7700
7700
7700
7700
7700
7700
7700
7700
7700
7700
7700
7700
7700
7700
7700
7700
7700
7700
7700
7700
7700
7700
7700
7700
7700
7700
7700
7700
7700
7700
7700
7700
7700
7700
7700
7700
7700
7700
7700
7700
7700
7700
7700
7700
7700
7700
7700
7700
7700
7700
7700
7700
7700
7700
7700
7700
7700
7700
7700
7700
7700
7700
7700
7700
7700
7700
7700
7700
7700
7700
7700
7700
7700
7700
7700
7700
7700
7700
7700
7700
7700
7700
7700
7700
7700
7700
7700
7700
7700
7700
7700
7700
7700
7700
7700
7700
7700
7700
7700
7700
7700
7700
7700
7700
7700
7700
7700
7700
7700
7700
7700
7700
7700
7700
7700
7700
7700
7700
7700
7700
7700
7700
7700
7700
7700
7700
7700
7700
7700
7700
7700
7700
7700
7700
7700
7700
7700
7700
7700
7700
7700
7700
7700
7700
7700
7700
7700
7700
7700
7700
7700
7700
7700
7700
7700
7700
7700
7700
7700
7700
7700
7700
7700
7700
7700
7700
7700
7700
7700
7700
7700
7700
7700
7700
7700
7700
7700
7700
7700
7700
7700
7700
7700
7700
7700
7700
7700
7700
