
Primal Residual: 
0.421928
0.367513
0.320879
0.298419
0.291486
0.29096
0.292943
0.296885
0.303533
0.313087
0.324401
0.335631
0.345302
0.352856
0.358607
0.363353
0.357559
0.352447
0.352285
0.353905
0.355117
0.355293
0.355961
0.360206
0.370424
0.385686
0.401354
0.412042
0.415627
0.416628
0.425265
0.450296
0.490021
0.531999
0.561901
0.572077
0.568014
0.569682
0.600367
0.665137
0.743682
0.807511
0.838656
0.841066
0.846091
0.897551
1.01205
1.15846
1.28556
1.35615
1.36573
1.35695
1.40744
1.56898
1.80891
2.04106
2.19149
2.23577
2.22543
2.28326
2.51921
2.91221
3.32775
3.63008
3.74702
3.72577
3.75333
4.0525
4.65786
5.3723
5.9167
6.17216
6.1989
6.24156
6.6123
7.48087
8.64992
9.67657
10.2504
10.3769
10.4006
10.821
12.0486
13.9564
15.6965
16.7769
17.1138
17.2007
17.8888
19.8346
22.6174
25.5403
27.7118
28.6016
28.7281
29.5087
32.283
36.7089
41.7921
45.6033
47.4048
47.7105
48.6623
52.6587
60.0232
68.3086
75.3306
78.9757
79.7648
80.7958
86.2335
97.6153
111.707
124.2
131.341
133.235
134.309
141.702
159.173
182.613
204.664
218.502
223.011
224.158
233.631
259.751
298.171
336.564
362.84
373.012
374.641
386.368
424.68
486.939
552.724
601.685
623.636
627.14
640.805
695.606
794.353
906.612
996.126
1041.45
1050.3
1065.38
1141.78
1296.01
1485.09
1646.24
1737.09
1759.68
1775.45
1878.58
2115.23
2429.46
2715.64
2892.84
2947.66
2964.35
3098.72
3455.07
3970.34
4472.11
4809.79
4935.23
4957.02
5124.69
5650.08
6483.2
7351.79
7982.66
8255.9
8298.15
8497.09
9254.04
10581.4
12066
13224.6
13795.7
13900.7
14123.4
15185.6
17267
19773.4
21868.5
23021.6
23291.9
23527.5
24974.1
28182.7
32360.3
36095.7
38358.9
39023.4
39269.2
41171.8
46027.5
52898.9
59471.2
63807.2
65349.2
65646.5
68048.6
75248.7
86396.7
97812.8
105951
109350
109871
112760
123197
141023
160603
175611
182782
184029
187313
202063
230129
263292
290531
305133
308352
311872
332120
375580
431033
479772
508625
516650
520303
547185
613276
704794
790835
846433
865326
869481
903798
1.00232e+06
1.15133e+06
1.30127e+06
1.40614e+06
1.44829e+06
1.45485e+06
1.49667e+06
1.64035e+06
1.87951e+06
2.13751e+06
2.33172e+06
2.42159e+06
2.43644e+06
2.48469e+06
2.68912e+06
3.06719e+06
3.50555e+06
3.85942e+06
4.04396e+06
4.08218e+06
4.13465e+06
4.41747e+06
5.00545e+06
5.74086e+06
6.37627e+06
6.74352e+06
6.84008e+06
6.89463e+06
7.2735e+06
8.1719e+06
9.38971e+06
1.05152e+07
1.12271e+07
1.14578e+07
1.15172e+07
1.2006e+07
1.33523e+07
1.53421e+07
1.73098e+07
1.86595e+07
1.91808e+07
1.92655e+07
1.98687e+07
2.18436e+07
2.5049e+07
2.84457e+07
3.09563e+07
3.20798e+07
3.22581e+07
3.29643e+07
3.57926e+07
4.08799e+07
4.66698e+07
5.12625e+07
5.35902e+07
5.40432e+07
5.48227e+07
5.87648e+07
6.67106e+07
7.64555e+07
8.4732e+07
8.93987e+07
9.0556e+07
9.13724e+07
9.66992e+07
1.08896e+08
1.25087e+08
1.39797e+08
1.489e+08
1.51706e+08
1.52571e+08
1.59513e+08
1.77886e+08
2.04431e+08
2.30233e+08
2.47583e+08
2.54011e+08
2.55135e+08
2.63806e+08
2.90908e+08
3.33829e+08
3.78512e+08
4.10934e+08
4.24943e+08
4.27108e+08
4.37404e+08
4.76465e+08
5.4485e+08
6.2126e+08
6.8081e+08
7.10106e+08
7.15475e+08
7.27014e+08
7.81853e+08
8.89109e+08
1.01813e+09
1.12584e+09
1.18504e+09
1.19886e+09
1.21108e+09
1.28579e+09
1.45119e+09
1.66627e+09
1.85836e+09
1.97458e+09
2.00859e+09
2.02134e+09
2.11967e+09
2.37004e+09
2.72388e+09
3.06193e+09
3.28468e+09
3.36368e+09
3.37902e+09
3.50325e+09
3.87463e+09
4.4488e+09
5.03612e+09
5.45435e+09
5.62857e+09
5.65529e+09
5.80485e+09
6.3434e+09
7.26171e+09
8.26928e+09
9.04066e+09
9.40858e+09
9.4723e+09
9.64247e+09
1.04039e+10
1.18501e+10
1.35569e+10
1.49574e+10
1.57068e+10
1.58714e+10
1.60539e+10
1.70997e+10
1.93397e+10
2.21944e+10
2.47007e+10
2.61823e+10
2.6593e+10
2.67824e+10
2.81716e+10
3.1579e+10
3.62913e+10
4.07168e+10
4.35727e+10
4.45404e+10
4.47552e+10
4.65297e+10
5.16112e+10
5.9285e+10
6.69987e+10
7.23873e+10
7.4548e+10
7.4885e+10
7.70492e+10
8.44624e+10
9.67818e+10
1.10057e+11
1.20039e+11
1.24649e+11
1.25408e+11
1.27908e+11
1.3846e+11
1.57939e+11
1.805e+11
1.98693e+11
2.08164e+11
2.10117e+11
2.12838e+11
2.27442e+11
2.57746e+11
2.95602e+11
3.28276e+11
3.47132e+11
3.52072e+11
3.54901e+11
3.74476e+11
4.20793e+11
4.83494e+11
5.4138e+11
5.77946e+11
5.89758e+11
5.92833e+11
6.18104e+11
6.87536e+11
7.90002e+11
8.91226e+11
9.60575e+11
9.87293e+11
9.9165e+11
1.02286e+12
1.12474e+12
1.28985e+12
1.46462e+12
1.59365e+12
1.65127e+12
1.66039e+12
1.69697e+12
1.84293e+12
2.10504e+12
2.403e+12
2.6391e+12
2.75854e+12
2.7817e+12
2.82211e+12
3.02565e+12
3.43514e+12
3.93674e+12
4.36231e+12
4.60189e+12
4.66109e+12
4.70343e+12
4.97861e+12
5.60738e+12
6.44096e+12
7.19747e+12
7.665e+12
7.80866e+12
7.85344e+12
8.21231e+12
9.15969e+12
1.05267e+13
1.18539e+13
1.27453e+13
1.30746e+13
1.31326e+13
1.35811e+13
1.49791e+13
1.71898e+13
1.94888e+13
2.1155e+13
2.18733e+13
2.19842e+13
2.25173e+13
2.4533e+13
2.80561e+13
3.19882e+13
3.50493e+13
3.65524e+13
3.68269e+13
3.74249e+13
4.0256e+13
4.57831e+13
5.24239e+13
5.7962e+13
6.10006e+13
6.17075e+13
6.2341e+13
6.62005e+13
7.47259e+13
8.57984e+13
9.56771e+13
1.01646e+14
1.03386e+14
1.04047e+14
1.09129e+14
1.22039e+14
1.40258e+14
1.57647e+14
1.6909e+14
1.73137e+14
1.73929e+14
1.80354e+14
1.9951e+14
2.29081e+14
2.59298e+14
2.80789e+14
2.89721e+14
2.91092e+14
2.98833e+14
3.26621e+14
3.73929e+14
4.25776e+14
4.65426e+14
4.843e+14
4.87558e+14
4.96374e+14
5.35678e+14
6.102e+14
6.98046e+14
7.70049e+14
8.08517e+14
8.1693e+14
8.26395e+14
8.80404e+14
9.95862e+14
1.14281e+15
1.2717e+15
1.34778e+15
1.36879e+15
1.37862e+15
1.4504e+15
1.62608e+15
1.86871e+15
2.09634e+15
2.24304e+15
2.2926e+15
2.30371e+15
2.39546e+15
2.65754e+15
3.05275e+15
3.44958e+15
3.72646e+15
3.83722e+15
3.85452e+15
3.96652e+15
4.34899e+15
4.9836e+15
5.66669e+15
6.17973e+15
6.41618e+15
6.45502e+15
6.5845e+15
7.12912e+15
8.13282e+15
9.29392e+15
1.02292e+16
1.07152e+16
1.08151e+16
1.09562e+16
1.17103e+16
1.32722e+16
1.52208e+16
1.69009e+16
1.78691e+16
1.81218e+16
1.82686e+16
1.92799e+16
2.16677e+16
2.4896e+16
2.78732e+16
2.97513e+16
3.03562e+16
3.05153e+16
3.18219e+16
3.54025e+16
4.06792e+16
4.58865e+16
4.94496e+16
5.08188e+16
5.1043e+16
5.26577e+16
5.79136e+16
6.64183e+16
7.54107e+16
8.20422e+16
8.49971e+16
8.54639e+16
8.7358e+16
9.48911e+16
1.08395e+17
1.23729e+17
1.35867e+17
1.41996e+17
1.4318e+17
1.45274e+17
1.55783e+17
1.76886e+17
2.02705e+17
2.24588e+17
2.36887e+17
2.39915e+17
2.42111e+17
2.56327e+17
2.88739e+17
3.31655e+17
3.70563e+17
3.94574e+17
4.01929e+17
4.04249e+17
4.22799e+17
4.71651e+17
5.42043e+17
6.10316e+17
6.56112e+17
6.72988e+17
6.75973e+17
6.99175e+17
7.71291e+17
8.85155e+17
1.00344e+18
1.08906e+18
1.1259e+18
1.13158e+18
1.15918e+18
1.26319e+18
1.4447e+18
1.64705e+18
1.8044e+18
1.88152e+18
1.89555e+18
1.92654e+18
2.0727e+18
2.35752e+18
2.69933e+18
2.98407e+18
3.14005e+18
3.1762e+18
3.20905e+18
3.4084e+18
3.84785e+18
4.41788e+18
4.92591e+18
5.23241e+18
5.32152e+18
5.35575e+18
5.61841e+18
6.28405e+18
7.22222e+18
8.11664e+18
8.70449e+18
8.91181e+18
8.95268e+18
9.28499e+18
1.0273e+19
1.17961e+19
1.33506e+19
1.4455e+19
1.49129e+19
1.49832e+19
1.53839e+19
1.68177e+19
1.92548e+19
2.19227e+19
2.39607e+19
2.4929e+19
2.50956e+19
2.55523e+19
2.75812e+19
3.14212e+19
3.59425e+19
3.96443e+19
4.16187e+19
4.20489e+19
4.25397e+19
4.5329e+19
5.128e+19
5.88448e+19
6.54727e+19
6.93791e+19
7.04545e+19
7.09638e+19
7.46732e+19
8.3731e+19
9.62239e+19
1.07932e+20
1.15467e+20
1.18006e+20
1.1858e+20
1.23325e+20
1.36841e+20
1.57194e+20
1.77609e+20
1.91836e+20
1.97514e+20
1.98402e+20
2.04198e+20
2.23931e+20
2.56621e+20
2.9177e+20
3.18139e+20
3.30267e+20
3.32253e+20
3.3896e+20
3.6707e+20
4.18786e+20
4.78542e+20
5.26624e+20
5.51568e+20
5.56675e+20
5.63986e+20
6.0293e+20
6.83425e+20
7.83734e+20
8.70127e+20
9.19835e+20
9.32764e+20
9.40375e+20
9.9263e+20
1.11573e+21
1.28194e+21
1.43506e+21
1.53153e+21
1.5625e+21
1.57074e+21
1.63829e+21
1.82294e+21
2.09468e+21
2.36255e+21
2.54562e+21
2.61579e+21
2.62733e+21
2.71087e+21
2.98201e+21
3.42008e+21
3.88276e+21
4.22358e+21
4.37512e+21
4.39901e+21
4.4971e+21
4.88587e+21
5.58163e+21
6.37077e+21
6.9947e+21
7.30919e+21
7.36972e+21
7.47827e+21
8.0209e+21
9.10845e+21
1.04374e+22
1.15626e+22
1.2194e+22
1.23489e+22
1.24628e+22
1.31971e+22
1.4868e+22
1.70775e+22
1.90784e+22
2.03116e+22
2.06881e+22
2.08083e+22
2.17672e+22
2.42863e+22
2.79111e+22
3.1423e+22
3.37758e+22
3.46405e+22
3.47944e+22
3.59946e+22
3.97145e+22
4.55793e+22
5.16649e+22
5.60652e+22
5.79539e+22
5.82449e+22
5.96738e+22
6.50414e+22
7.43922e+22
8.4805e+22
9.28935e+22
9.68502e+22
9.75675e+22
9.91734e+22
1.06719e+23
1.21396e+23
1.38989e+23
1.53629e+23
1.61636e+23
1.63485e+23
1.65189e+23
1.75485e+23
1.98137e+23
2.27483e+23
2.53609e+23
2.69349e+23
2.73909e+23
2.75684e+23
2.89259e+23
3.2358e+23
3.71888e+23
4.17894e+23
4.48093e+23
4.58714e+23
4.60824e+23
4.7801e+23
5.2897e+23
6.07412e+23
6.8739e+23
7.4414e+23
7.67617e+23
7.71222e+23
7.91962e+23
8.65945e+23
9.91491e+23
1.12878e+24
1.23353e+24
1.2832e+24
1.29172e+24
1.31538e+24
1.42011e+24
1.61798e+24
1.85068e+24
2.041e+24
2.14234e+24
2.16433e+24
2.18978e+24
2.33383e+24
2.64056e+24
3.02999e+24
3.37081e+24
3.5714e+24
3.62643e+24
3.65284e+24
3.84452e+24
4.31152e+24
4.95476e+24
5.55694e+24
5.94402e+24
6.07404e+24
6.10372e+24
6.34906e+24
7.04616e+24
8.09436e+24
9.14459e+24
9.87563e+24
1.01666e+25
1.02123e+25
1.05122e+25
1.15303e+25
1.32142e+25
1.50228e+25
1.63781e+25
1.70001e+25
1.71018e+25
1.74491e+25
1.89e+25
2.15646e+25
2.464e+25
2.71119e+25
2.8392e+25
2.86531e+25
2.90321e+25
3.10431e+25
3.51917e+25
4.03552e+25
4.47976e+25
4.73497e+25
4.80112e+25
4.84059e+25
5.11057e+25
5.74518e+25
6.60094e+25
7.38847e+25
7.88396e+25
8.04256e+25
8.08519e+25
8.4344e+25
9.38665e+25
1.0786e+26
1.2164e+26
1.31046e+26
1.34642e+26
1.35236e+26
1.39558e+26
1.53546e+26
1.7611e+26
1.99916e+26
2.17432e+26
2.25204e+26
2.26427e+26
2.31506e+26
2.5157e+26
2.87416e+26
3.28027e+26
3.60101e+26
3.76239e+26
3.79333e+26
3.8496e+26
4.12977e+26
4.69023e+26
5.3743e+26
5.95282e+26
6.27698e+26
6.35619e+26
6.41527e+26
6.79463e+26
7.65595e+26
8.79346e+26
9.82254e+26
1.04559e+27
1.06486e+27
1.07109e+27
1.12065e+27
1.25055e+27
1.43721e+27
1.61786e+27
1.73874e+27
1.78304e+27
1.79097e+27
1.85305e+27
2.04494e+27
2.34701e+27
2.66011e+27
2.88625e+27
2.98309e+27
2.998e+27
3.07198e+27
3.34896e+27
3.8307e+27
4.36654e+27
4.78231e+27
4.98532e+27
5.02199e+27
5.1052e+27
5.49476e+27
6.2511e+27
7.15661e+27
7.90933e+27
8.32033e+27
8.41485e+27
8.50323e+27
9.03507e+27
1.02027e+28
1.17134e+28
1.3057e+28
1.38653e+28
1.40987e+28
1.41907e+28
1.48922e+28
1.66619e+28
1.91493e+28
2.15158e+28
2.30671e+28
2.36112e+28
2.37201e+28
2.46089e+28
2.72374e+28
3.12774e+28
3.5392e+28
3.83082e+28
3.95118e+28
3.96967e+28
4.07702e+28
4.45875e+28
5.1055e+28
5.81194e+28
6.35038e+28
6.60518e+28
6.64873e+28
6.77133e+28
7.31194e+28
8.33151e+28
9.52916e+28
1.05076e+29
1.10278e+29
1.11402e+29
1.12722e+29
1.20161e+29
1.35971e+29
1.56017e+29
1.73544e+29
1.83844e+29
1.8666e+29
1.88029e+29
1.97934e+29
2.22011e+29
2.55131e+29
2.86103e+29
3.05986e+29
3.12646e+29
3.1418e+29
3.26866e+29
3.62818e+29
4.168e+29
4.70829e+29
5.08392e+29
5.23308e+29
5.25653e+29
5.41174e+29
5.937e+29
6.80442e+29
7.73501e+29
8.43158e+29
8.75065e+29
8.80263e+29
8.98256e+29
9.73141e+29
1.11043e+30
1.26871e+30
1.39579e+30
1.46148e+30
1.47483e+30
1.49448e+30
1.59832e+30
1.81213e+30
2.07792e+30
2.30635e+30
2.43739e+30
2.47123e+30
2.4917e+30
2.63119e+30
2.95835e+30
3.39894e+30
3.80398e+30
4.05848e+30
4.13969e+30
4.16176e+30
4.34229e+30
4.83336e+30
5.554e+30
6.26286e+30
6.74614e+30
6.93044e+30
6.96097e+30
7.1846e+30
7.9062e+30
9.06846e+30
1.02933e+31
1.11935e+31
1.15921e+31
1.16547e+31
1.19177e+31
1.29532e+31
1.48e+31
1.689e+31
1.85388e+31
1.93668e+31
1.9525e+31
1.98166e+31
2.12632e+31
2.41515e+31
2.76726e+31
3.06472e+31
3.23114e+31
3.27165e+31
3.30229e+31
3.49826e+31
3.94227e+31
4.52789e+31
5.05713e+31
5.38239e+31
5.48108e+31
5.51334e+31
5.76953e+31
6.43936e+31
7.40053e+31
8.32979e+31
8.95078e+31
9.1778e+31
9.21868e+31
9.53981e+31
1.05296e+32
1.20854e+32
1.36963e+32
1.48584e+32
1.5355e+32
1.54314e+32
1.58144e+32
1.72437e+32
1.97255e+32
2.24829e+32
2.46201e+32
2.56617e+32
2.58491e+32
2.62804e+32
2.82914e+32
3.21889e+32
3.68496e+32
4.07197e+32
4.28294e+32
4.33128e+32
4.37711e+32
4.65181e+32
5.25366e+32
6.03138e+32
6.72233e+32
7.13741e+32
7.25688e+32
7.30457e+32
7.66714e+32
8.57959e+32
9.86042e+32
1.10776e+33
1.18745e+33
1.21533e+33
1.22095e+33
1.26692e+33
1.40249e+33
1.61056e+33
1.82225e+33
1.9721e+33
2.0338e+33
2.04329e+33
2.09885e+33
2.29582e+33
2.62899e+33
2.9925e+33
3.26925e+33
3.39996e+33
3.42223e+33
3.48575e+33
3.76481e+33
4.29017e+33
4.90657e+33
5.40962e+33
5.67658e+33
5.73407e+33
5.8025e+33
6.18671e+33
7.00154e+33
8.03351e+33
8.93478e+33
9.46366e+33
9.60774e+33
9.67876e+33
1.01906e+34
1.14319e+34
1.31372e+34
1.47302e+34
1.57516e+34
1.60926e+34
1.61719e+34
1.68279e+34
1.86821e+34
2.14622e+34
2.42416e+34
2.61717e+34
2.69363e+34
2.70568e+34
2.78599e+34
3.05699e+34
3.50381e+34
3.98264e+34
4.34065e+34
4.5043e+34
4.5309e+34
4.62409e+34
5.0106e+34
5.71799e+34
6.53255e+34
7.18584e+34
7.52297e+34
7.5912e+34
7.69307e+34
8.2293e+34
9.33123e+34
1.06994e+35
1.1874e+35
1.25468e+35
1.27199e+35
1.2826e+35
1.35467e+35
1.52333e+35
1.75018e+35
1.95849e+35
2.08921e+35
2.13079e+35
2.14221e+35
2.23555e+35
2.48879e+35
2.8599e+35
3.22455e+35
3.47285e+35
3.56729e+35
3.58301e+35
3.69871e+35
4.07096e+35
4.66963e+35
5.29984e+35
5.76248e+35
5.96688e+35
5.99892e+35
6.13511e+35
6.66949e+35
7.62101e+35
8.69654e+35
9.54412e+35
9.96902e+35
1.00499e+36
1.0201e+36
1.09479e+36
1.24364e+36
1.42488e+36
1.57783e+36
1.66326e+36
1.68398e+36
1.69987e+36
1.80111e+36
2.02998e+36
2.33148e+36
2.60366e+36
2.77071e+36
2.82123e+36
2.83794e+36
2.97036e+36
3.31576e+36
3.81071e+36
4.28871e+36
4.60774e+36
4.72406e+36
4.74514e+36
4.91125e+36
5.42182e+36
6.22315e+36
7.05195e+36
7.64915e+36
7.90376e+36
7.94289e+36
8.14117e+36
8.87873e+36
1.01573e+37
1.15763e+37
1.26748e+37
1.32092e+37
1.3305e+37
1.35285e+37
1.45667e+37
1.65751e+37
1.8974e+37
2.09638e+37
2.20467e+37
2.22939e+37
2.25316e+37
2.39504e+37
2.70526e+37
3.10564e+37
3.46096e+37
3.67412e+37
3.73526e+37
3.75999e+37
3.94737e+37
4.41783e+37
5.07735e+37
5.70343e+37
6.11282e+37
6.2556e+37
6.28464e+37
6.52237e+37
7.22161e+37
8.29323e+37
9.38228e+37
1.01523e+38
1.04686e+38
1.05173e+38
1.08049e+38
1.18212e+38
1.35375e+38
1.5408e+38
1.68305e+38
1.7501e+38
1.76149e+38
1.7944e+38
1.93844e+38
2.20915e+38
2.52639e+38
2.78502e+38
2.92204e+38
2.95143e+38
2.98691e+38
3.18533e+38
3.60531e+38
4.13654e+38
4.6e+38
4.87157e+38
4.94529e+38
4.98212e+38
5.24658e+38
5.88657e+38
6.7646e+38
7.58396e+38
8.10858e+38
8.28325e+38
8.32428e+38
8.66345e+38
9.61972e+38
1.10514e+39
1.24813e+39
1.3473e+39
1.38649e+39
1.39268e+39
1.43425e+39
1.57406e+39
1.80422e+39
2.0506e+39
2.23461e+39
2.31854e+39
2.33215e+39
2.38041e+39
2.5799e+39
2.94438e+39
3.36359e+39
3.69944e+39
3.87245e+39
3.90733e+39
3.96014e+39
4.23703e+39
4.80494e+39
5.50921e+39
6.1132e+39
6.4586e+39
6.54716e+39
6.60222e+39
6.97455e+39
7.84405e+39
9.01197e+39
1.00834e+40
1.07547e+40
1.09677e+40
1.10268e+40
1.15093e+40
1.28152e+40
1.47263e+40
1.66021e+40
1.78779e+40
1.83619e+40
1.84428e+40
1.90414e+40
2.09617e+40
2.40453e+40
2.72879e+40
2.96656e+40
3.07137e+40
3.08778e+40
3.1583e+40
3.43408e+40
3.92431e+40
4.4778e+40
4.9135e+40
5.13153e+40
5.17285e+40
5.2512e+40
5.63682e+40
6.40389e+40
7.33677e+40
8.1232e+40
8.56177e+40
8.66775e+40
8.75017e+40
9.27312e+40
1.0453e+41
1.20052e+41
1.3405e+41
1.42628e+41
1.45215e+41
1.46081e+41
1.52925e+41
1.70736e+41
1.96222e+41
2.2081e+41
2.372e+41
2.4316e+41
2.44247e+41
2.52839e+41
2.79175e+41
3.20448e+41
3.63089e+41
3.93779e+41
4.06834e+41
4.08839e+41
4.19104e+41
4.57163e+41
5.23032e+41
5.96051e+41
6.52522e+41
6.79937e+41
6.84836e+41
6.96415e+41
7.50012e+41
8.53508e+41
9.76975e+41
1.07928e+42
1.13487e+42
1.14751e+42
1.15983e+42
1.23312e+42
1.39302e+42
1.59913e+42
1.78186e+42
1.89132e+42
1.92262e+42
1.93543e+42
2.03227e+42
2.27485e+42
2.61444e+42
2.93647e+42
3.14677e+42
3.21991e+42
3.23491e+42
3.35785e+42
3.71851e+42
4.27041e+42
4.8307e+42
5.22638e+42
5.38855e+42
5.41352e+42
5.56236e+42
6.08673e+42
6.97089e+42
7.9334e+42
8.66456e+42
9.00851e+42
9.06674e+42
9.23722e+42
9.98076e+42
1.13756e+43
1.30084e+43
1.43381e+43
1.50413e+43
1.51916e+43
1.53755e+43
1.64002e+43
1.85648e+43
2.12995e+43
2.36828e+43
2.50771e+43
2.54544e+43
2.56454e+43
2.70119e+43
3.03115e+43
3.48323e+43
3.90465e+43
4.17413e+43
4.26359e+43
4.2848e+43
4.46018e+43
4.95335e+43
5.69068e+43
6.42627e+43
6.93584e+43
7.13669e+43
7.16851e+43
7.38358e+43
8.10488e+43
9.2905e+43
1.05582e+44
1.15039e+44
1.19344e+44
1.2004e+44
1.2254e+44
1.32836e+44
1.51616e+44
1.7319e+44
1.90456e+44
1.99334e+44
2.01117e+44
2.03855e+44
2.18153e+44
2.47422e+44
2.83674e+44
3.14731e+44
3.32464e+44
3.36995e+44
3.3985e+44
3.59087e+44
4.03911e+44
4.64042e+44
5.19146e+44
5.53627e+44
5.6453e+44
5.67592e+44
5.92536e+44
6.59881e+44
7.58296e+44
8.5479e+44
9.20335e+44
9.45139e+44
9.49303e+44
9.8027e+44
1.07933e+45
1.23817e+45
1.405e+45
1.5272e+45
1.58095e+45
1.58935e+45
1.62586e+45
1.76818e+45
2.02075e+45
2.30559e+45
2.52957e+45
2.64144e+45
2.66256e+45
2.70317e+45
2.90226e+45
3.29757e+45
3.77774e+45
4.18211e+45
4.40725e+45
4.46145e+45
4.5042e+45
4.77434e+45
5.38253e+45
6.18164e+45
6.90153e+45
7.34211e+45
7.47451e+45
7.51937e+45
7.87317e+45
8.79155e+45
1.01039e+46
1.13687e+46
1.22108e+46
1.25161e+46
1.25721e+46
1.30166e+46
1.4375e+46
1.65008e+46
1.86947e+46
2.02718e+46
2.09412e+46
2.10439e+46
2.15753e+46
2.35392e+46
2.69326e+46
3.06901e+46
3.35928e+46
3.49993e+46
3.52498e+46
3.58498e+46
3.86167e+46
4.39499e+46
5.03047e+46
5.55647e+46
5.8418e+46
5.90643e+46
5.97035e+46
6.34886e+46
7.17308e+46
8.23415e+46
9.17384e+46
9.73593e+46
9.8961e+46
9.96254e+46
1.0463e+47
1.17137e+47
1.34623e+47
1.51187e+47
1.6199e+47
1.65737e+47
1.66512e+47
1.7287e+47
1.91471e+47
2.19896e+47
2.4872e+47
2.69053e+47
2.77366e+47
2.78647e+47
2.86351e+47
3.13407e+47
3.58953e+47
4.08481e+47
4.46062e+47
4.63706e+47
4.66683e+47
4.75515e+47
5.13895e+47
5.85768e+47
6.69802e+47
7.38162e+47
7.74253e+47
7.81937e+47
7.91476e+47
8.44394e+47
9.55961e+47
1.09673e+48
1.21929e+48
1.29088e+48
1.31019e+48
1.32009e+48
1.3907e+48
1.56081e+48
1.79358e+48
2.01034e+48
2.14875e+48
2.19457e+48
2.20554e+48
2.29622e+48
2.55057e+48
2.93028e+48
3.3087e+48
3.57052e+48
3.67347e+48
3.68983e+48
3.80111e+48
4.17324e+48
4.78397e+48
5.43626e+48
5.92232e+48
6.14313e+48
6.17874e+48
6.30821e+48
6.83962e+48
7.8072e+48
8.91751e+48
9.80511e+48
1.02607e+49
1.03519e+49
1.04938e+49
1.12321e+49
1.27405e+49
1.46066e+49
1.62035e+49
1.7114e+49
1.73458e+49
1.74939e+49
1.84877e+49
2.07985e+49
2.38944e+49
2.67284e+49
2.84994e+49
2.90576e+49
2.92162e+49
3.05057e+49
3.39786e+49
3.90465e+49
4.40104e+49
4.73779e+49
4.8649e+49
4.88633e+49
5.04654e+49
5.55758e+49
6.37569e+49
7.23409e+49
7.86208e+49
8.13772e+49
8.18072e+49
8.3698e+49
9.10428e+49
1.04055e+50
1.18713e+50
1.30227e+50
1.35967e+50
1.37047e+50
1.39152e+50
1.49431e+50
1.69803e+50
1.94518e+50
2.15309e+50
2.26867e+50
2.29639e+50
2.31856e+50
2.45811e+50
2.77162e+50
3.18302e+50
3.55325e+50
3.77951e+50
3.84729e+50
3.87054e+50
4.0534e+50
4.52696e+50
5.20276e+50
5.85334e+50
6.28592e+50
6.44237e+50
6.47127e+50
6.70114e+50
7.40187e+50
8.49675e+50
9.62546e+50
1.04359e+51
1.07791e+51
1.08318e+51
1.11069e+51
1.21203e+51
1.38685e+51
1.58021e+51
1.72941e+51
1.80157e+51
1.81438e+51
1.84547e+51
1.9883e+51
2.26312e+51
2.5902e+51
2.86064e+51
3.0071e+51
3.04015e+51
3.0733e+51
3.26879e+51
3.69363e+51
4.23987e+51
4.72311e+51
5.01175e+51
5.09372e+51
5.12817e+51
5.3868e+51
6.03167e+51
6.93202e+51
7.78402e+51
8.33898e+51
8.5309e+51
8.57092e+51
8.89971e+51
9.85912e+51
1.1323e+52
1.2806e+52
1.38507e+52
1.42769e+52
1.43427e+52
1.47414e+52
1.61374e+52
1.84836e+52
2.10322e+52
2.29638e+52
2.38689e+52
2.40211e+52
2.44786e+52
2.64597e+52
3.01631e+52
3.44881e+52
3.80025e+52
3.98549e+52
4.02477e+52
4.07423e+52
4.34752e+52
4.92254e+52
5.64719e+52
6.2774e+52
6.64502e+52
6.74379e+52
6.79515e+52
7.16e+52
8.03703e+52
9.2355e+52
1.03503e+53
1.10613e+53
1.1296e+53
1.13527e+53
1.18216e+53
1.31333e+53
1.50888e+53
1.70355e+53
1.83808e+53
1.89085e+53
1.89925e+53
1.95684e+53
2.14882e+53
2.46341e+53
2.79904e+53
3.04886e+53
3.16211e+53
3.18032e+53
3.24738e+53
3.52165e+53
4.02019e+53
4.59159e+53
5.04789e+53
5.28171e+53
5.3283e+53
5.40188e+53
5.7831e+53
6.5605e+53
7.52104e+53
8.3422e+53
8.80964e+53
8.92819e+53
9.00501e+53
9.51845e+53
1.07097e+54
1.23036e+54
1.37612e+54
1.46708e+54
1.49566e+54
1.50387e+54
1.57053e+54
1.74962e+54
2.0106e+54
2.26595e+54
2.43896e+54
2.5041e+54
2.51514e+54
2.59802e+54
2.86164e+54
3.28304e+54
3.72469e+54
4.04743e+54
4.18878e+54
4.2108e+54
4.3087e+54
4.68774e+54
5.35814e+54
6.11248e+54
6.70434e+54
6.99887e+54
7.05408e+54
7.16316e+54
7.69386e+54
8.74368e+54
1.00158e+55
1.10848e+55
1.16782e+55
1.182e+55
1.19349e+55
1.26558e+55
1.42719e+55
1.63899e+55
1.82939e+55
1.94559e+55
1.98028e+55
1.99233e+55
2.08685e+55
2.33103e+55
2.67902e+55
3.01367e+55
3.2359e+55
3.31606e+55
3.33096e+55
3.44986e+55
3.81131e+55
4.37523e+55
4.95593e+55
5.37242e+55
5.54839e+55
5.57538e+55
5.71778e+55
6.24072e+55
7.14133e+55
8.13632e+55
8.90328e+55
9.27348e+55
9.33894e+55
9.50004e+55
1.02374e+56
1.16536e+56
1.3337e+56
1.47274e+56
1.54792e+56
1.56482e+56
1.58201e+56
1.68298e+56
1.90196e+56
2.18316e+56
2.43167e+56
2.57989e+56
2.62184e+56
2.6397e+56
2.77336e+56
3.10585e+56
3.56945e+56
4.00768e+56
4.29276e+56
4.39107e+56
4.41174e+56
4.58177e+56
5.0766e+56
5.83055e+56
6.59345e+56
7.13032e+56
7.34879e+56
7.38253e+56
7.58889e+56
8.30915e+56
9.51781e+56
1.08292e+57
1.1822e+57
1.22863e+57
1.23642e+57
1.26012e+57
1.36237e+57
1.5532e+57
1.77579e+57
1.95647e+57
2.05154e+57
2.07162e+57
2.09727e+57
2.2384e+57
2.53477e+57
2.9078e+57
3.23187e+57
3.42062e+57
3.47116e+57
3.49779e+57
3.68632e+57
4.13847e+57
4.75554e+57
5.32894e+57
5.69413e+57
5.8143e+57
5.84366e+57
6.08607e+57
6.76256e+57
7.76962e+57
8.77107e+57
9.46231e+57
9.73276e+57
9.77597e+57
1.00739e+58
1.10644e+58
1.26849e+58
1.44118e+58
1.56958e+58
1.62766e+58
1.63698e+58
1.67171e+58
1.81326e+58
2.07013e+58
2.3642e+58
2.59877e+58
2.71876e+58
2.74258e+58
2.78072e+58
2.97756e+58
3.37821e+58
3.87264e+58
4.29488e+58
4.53486e+58
4.59551e+58
4.63535e+58
4.90061e+58
5.51472e+58
6.33535e+58
7.08497e+58
7.55215e+58
7.6985e+58
7.741e+58
8.08561e+58
9.00915e+58
1.03531e+59
1.16666e+59
1.25555e+59
1.28893e+59
1.29461e+59
1.33749e+59
1.47348e+59
1.69053e+59
1.91777e+59
2.08363e+59
2.15612e+59
2.16739e+59
2.21808e+59
2.41369e+59
2.75908e+59
3.14727e+59
3.45152e+59
3.60264e+59
3.63087e+59
3.6874e+59
3.9614e+59
4.5024e+59
5.1572e+59
5.70686e+59
6.01144e+59
6.08395e+59
6.14358e+59
6.51593e+59
7.34899e+59
8.43939e+59
9.41857e+59
1.00153e+60
1.01929e+60
1.02554e+60
1.07439e+60
1.2003e+60
1.37949e+60
1.55163e+60
1.6658e+60
1.70686e+60
1.71455e+60
1.77605e+60
1.96249e+60
2.25293e+60
2.55169e+60
2.76572e+60
2.85594e+60
2.86978e+60
2.9435e+60
3.21333e+60
3.6773e+60
4.18931e+60
4.58354e+60
4.77347e+60
4.80694e+60
4.89041e+60
5.27106e+60
6.0008e+60
6.86726e+60
7.58213e+60
7.968e+60
8.05441e+60
8.14356e+60
8.66506e+60
9.79377e+60
1.12414e+61
1.25193e+61
1.32805e+61
1.34951e+61
1.35877e+61
1.42785e+61
1.59928e+61
1.83798e+61
2.06339e+61
2.20983e+61
2.26019e+61
2.27087e+61
2.3588e+61
2.61402e+61
3.00231e+61
3.39479e+61
3.67066e+61
3.78265e+61
3.79998e+61
3.90678e+61
4.2784e+61
4.90102e+61
5.57581e+61
6.08612e+61
6.32426e+61
6.36408e+61
6.48685e+61
7.01468e+61
7.99793e+61
9.14352e+61
1.00724e+62
1.05603e+62
1.0663e+62
1.0796e+62
1.15248e+62
1.30523e+62
1.49725e+62
1.6639e+62
1.76082e+62
1.78667e+62
1.80049e+62
1.8979e+62
2.13101e+62
2.44872e+62
2.74363e+62
2.93122e+62
2.99276e+62
3.00794e+62
3.13328e+62
3.48216e+62
4.00078e+62
4.51596e+62
4.87113e+62
5.00974e+62
5.03195e+62
5.18613e+62
5.69712e+62
6.53183e+62
7.42041e+62
8.0803e+62
8.37819e+62
8.42588e+62
8.60575e+62
9.33633e+62
1.06598e+63
1.21732e+63
1.33791e+63
1.39948e+63
1.41165e+63
1.43143e+63
1.53307e+63
1.73955e+63
1.99405e+63
2.21116e+63
2.33437e+63
2.36539e+63
2.38606e+63
2.5231e+63
2.83968e+63
3.26218e+63
3.64771e+63
3.88766e+63
3.96259e+63
3.9846e+63
4.16274e+63
4.63899e+63
5.33107e+63
6.00675e+63
6.46344e+63
6.63449e+63
6.66376e+63
6.88558e+63
7.5871e+63
8.70507e+63
9.87423e+63
1.07266e+64
1.10983e+64
1.1156e+64
1.14185e+64
1.2428e+64
1.42074e+64
1.62051e+64
1.77691e+64
1.85445e+64
1.86887e+64
1.89817e+64
2.03964e+64
2.31843e+64
2.65547e+64
2.93808e+64
3.09444e+64
3.13152e+64
3.16245e+64
3.35479e+64
3.78421e+64
4.34557e+64
4.84914e+64
5.1556e+64
5.24651e+64
5.27886e+64
5.53136e+64
6.18059e+64
7.10331e+64
7.98876e+64
8.57528e+64
8.78567e+64
8.82533e+64
9.14342e+64
1.01051e+65
1.1601e+65
1.31381e+65
1.42379e+65
1.47005e+65
1.47714e+65
1.5153e+65
1.65454e+65
1.89356e+65
2.15704e+65
2.35968e+65
2.45711e+65
2.47422e+65
2.51747e+65
2.71398e+65
3.09001e+65
3.53596e+65
3.90351e+65
4.10157e+65
4.14575e+65
4.19198e+65
4.46133e+65
5.0431e+65
5.78833e+65
6.44551e+65
6.83635e+65
6.94622e+65
6.99423e+65
7.35117e+65
8.23506e+65
9.46417e+65
1.06236e+66
1.13758e+66
1.16338e+66
1.16889e+66
1.21436e+66
1.346e+66
1.54597e+66
1.74789e+66
1.88964e+66
1.94705e+66
1.95594e+66
2.01122e+66
2.20296e+66
2.52369e+66
2.87091e+66
3.1332e+66
3.25536e+66
3.27572e+66
3.33932e+66
3.61177e+66
4.1184e+66
4.70799e+66
5.18555e+66
5.43596e+66
5.48845e+66
5.5574e+66
5.93376e+66
6.72103e+66
7.70951e+66
8.56643e+66
9.06406e+66
9.19635e+66
9.26799e+66
9.7713e+66
1.09731e+67
1.26089e+67
1.41258e+67
1.50893e+67
1.54044e+67
1.5483e+67
1.6131e+67
1.79302e+67
2.06011e+67
2.32513e+67
2.50762e+67
2.57866e+67
2.59008e+67
2.66986e+67
2.93348e+67
3.36344e+67
3.82065e+67
4.1598e+67
4.31258e+67
4.33698e+67
4.43013e+67
4.80719e+67
5.48906e+67
6.26791e+67
6.88784e+67
7.2038e+67
7.26605e+67
7.36855e+67
7.89336e+67
8.95748e+67
1.02675e+68
1.13839e+68
1.20164e+68
1.21751e+68
1.22823e+68
1.29903e+68
1.46223e+68
1.67975e+68
1.87803e+68
2.00127e+68
2.03963e+68
2.05103e+68
2.14312e+68
2.38871e+68
2.7451e+68
3.09267e+68
3.32731e+68
3.41496e+68
3.43003e+68
3.54478e+68
3.90667e+68
4.4825e+68
5.08404e+68
5.5221e+68
5.71271e+68
5.74227e+68
5.87817e+68
6.3991e+68
7.31587e+68
8.34389e+68
9.14785e+68
9.5457e+68
9.61945e+68
9.7713e+68
1.05016e+69
1.19384e+69
1.36731e+69
1.51262e+69
1.59289e+69
1.61185e+69
1.62789e+69
1.72724e+69
1.9486e+69
2.2376e+69
2.49657e+69
2.65396e+69
2.70049e+69
2.71726e+69
2.84776e+69
3.18252e+69
3.65766e+69
4.11312e+69
4.41443e+69
4.52222e+69
4.54268e+69
4.7072e+69
5.20322e+69
5.97368e+69
6.76449e+69
7.32969e+69
7.56685e+69
7.60321e+69
7.80075e+69
8.51921e+69
9.75055e+69
1.11064e+70
1.2148e+70
1.26478e+70
1.27353e+70
1.29594e+70
1.39738e+70
1.59115e+70
1.82067e+70
2.00964e+70
2.1113e+70
2.13389e+70
2.15787e+70
2.29698e+70
2.59685e+70
2.98048e+70
3.31844e+70
3.51913e+70
3.57536e+70
3.60025e+70
3.78471e+70
4.24043e+70
4.8733e+70
5.46964e+70
5.85606e+70
5.98818e+70
6.0167e+70
6.25183e+70
6.93073e+70
7.96064e+70
8.99941e+70
9.72781e+70
1.00221e+71
1.00677e+71
1.03538e+71
1.13431e+71
1.29953e+71
1.47819e+71
1.61301e+71
1.67566e+71
1.68608e+71
1.71902e+71
1.85965e+71
2.1207e+71
2.42414e+71
2.66966e+71
2.79817e+71
2.82501e+71
2.86075e+71
3.05511e+71
3.46087e+71
3.9697e+71
4.41035e+71
4.66585e+71
4.73354e+71
4.77069e+71
5.03075e+71
5.65033e+71
6.49257e+71
7.27272e+71
7.76762e+71
7.92901e+71
7.96966e+71
8.30471e+71
9.23259e+71
1.0608e+72
1.19714e+72
1.2909e+72
1.32731e+72
1.33319e+72
1.37447e+72
1.51047e+72
1.73194e+72
1.96719e+72
2.14149e+72
2.21985e+72
2.23234e+72
2.28058e+72
2.47518e+72
2.8265e+72
3.22732e+72
3.54601e+72
3.70815e+72
3.73997e+72
3.7931e+72
4.06408e+72
4.61249e+72
5.28682e+72
5.86085e+72
6.1856e+72
6.26677e+72
6.32235e+72
6.6881e+72
7.52942e+72
8.64932e+72
9.66908e+72
1.0302e+73
1.04984e+73
1.05575e+73
1.10335e+73
1.22999e+73
1.41352e+73
1.59231e+73
1.71286e+73
1.75777e+73
1.76554e+73
1.8249e+73
2.01158e+73
2.30817e+73
2.61767e+73
2.8428e+73
2.94054e+73
2.95567e+73
3.02604e+73
3.29486e+73
3.76718e+73
4.29621e+73
4.70948e+73
4.91361e+73
4.95131e+73
5.03001e+73
5.40707e+73
6.14745e+73
7.04035e+73
7.78748e+73
8.19951e+73
8.2965e+73
8.37968e+73
8.89287e+73
1.00339e+74
1.15217e+74
1.28535e+74
1.36618e+74
1.39e+74
1.39869e+74
1.46614e+74
1.63875e+74
1.88341e+74
2.11769e+74
2.27248e+74
2.3277e+74
2.33826e+74
2.42335e+74
2.6792e+74
3.07602e+74
3.48288e+74
3.77332e+74
3.89491e+74
3.91356e+74
4.01581e+74
4.38653e+74
5.02087e+74
5.71855e+74
6.25394e+74
6.51038e+74
6.55511e+74
6.67122e+74
7.19487e+74
8.19333e+74
9.37468e+74
1.03462e+75
1.0868e+75
1.09835e+75
1.11079e+75
1.18263e+75
1.33719e+75
1.53469e+75
1.70848e+75
1.81153e+75
1.84031e+75
1.85321e+75
1.94854e+75
2.1835e+75
2.50936e+75
2.81609e+75
3.01459e+75
3.08227e+75
3.097e+75
3.21859e+75
3.56874e+75
4.09915e+75
4.63355e+75
5.00784e+75
5.15869e+75
5.18213e+75
5.33017e+75
5.84058e+75
6.69168e+75
7.61101e+75
8.30392e+75
8.62533e+75
8.6786e+75
8.84925e+75
9.57511e+75
1.09202e+76
1.24819e+76
1.37441e+76
1.44036e+76
1.45408e+76
1.47262e+76
1.57298e+76
1.78211e+76
2.04404e+76
2.27062e+76
2.40181e+76
2.43644e+76
2.45571e+76
2.59008e+76
2.9095e+76
3.34315e+76
3.7444e+76
3.9986e+76
4.08124e+76
4.10228e+76
4.2755e+76
4.75402e+76
5.46235e+76
6.16371e+76
6.64547e+76
6.83208e+76
6.86228e+76
7.07586e+76
7.77748e+76
8.91829e+76
1.01287e+77
1.10246e+77
1.14264e+77
1.14903e+77
1.17401e+77
1.27445e+77
1.45546e+77
1.66173e+77
1.82556e+77
1.90876e+77
1.92503e+77
1.95257e+77
2.09249e+77
2.37512e+77
2.72222e+77
3.01738e+77
3.1841e+77
3.22562e+77
3.25445e+77
3.4434e+77
3.87711e+77
4.45368e+77
4.97814e+77
5.30321e+77
5.40377e+77
5.43435e+77
5.68043e+77
6.33348e+77
7.27855e+77
8.19827e+77
8.81761e+77
9.04774e+77
9.08775e+77
9.39483e+77
1.03578e+78
1.18855e+78
1.34779e+78
1.46348e+78
1.5136e+78
1.52135e+78
1.55778e+78
1.69651e+78
1.93984e+78
2.21208e+78
2.42452e+78
2.52926e+78
2.54853e+78
2.58932e+78
2.78398e+78
3.16552e+78
3.62511e+78
4.00925e+78
4.22076e+78
4.27036e+78
4.3135e+78
4.57858e+78
5.16674e+78
5.93269e+78
6.61761e+78
7.03269e+78
7.15461e+78
7.19965e+78
7.54827e+78
8.4383e+78
9.6981e+78
1.09032e+79
1.16984e+79
1.19813e+79
1.20358e+79
1.24759e+79
1.37956e+79
1.58393e+79
1.79325e+79
1.9425e+79
2.00484e+79
2.0144e+79
2.06733e+79
2.25862e+79
2.58541e+79
2.94442e+79
3.21962e+79
3.35117e+79
3.37404e+79
3.4342e+79
3.70452e+79
4.21901e+79
4.82703e+79
5.32654e+79
5.59437e+79
5.65343e+79
5.7179e+79
6.08896e+79
6.88562e+79
7.90229e+79
8.796e+79
9.32519e+79
9.47244e+79
9.53936e+79
1.00319e+80
1.12434e+80
1.29212e+80
1.44989e+80
1.55185e+80
1.58652e+80
1.59413e+80
1.65701e+80
1.8376e+80
2.11077e+80
2.38569e+80
2.57801e+80
2.65534e+80
2.66737e+80
2.74399e+80
3.00733e+80
3.44576e+80
3.9188e+80
4.27495e+80
4.4398e+80
4.46705e+80
4.55545e+80
4.9301e+80
5.62316e+80
6.42689e+80
7.0758e+80
7.41429e+80
7.48443e+80
7.58052e+80
8.09881e+80
9.17663e+80
1.05249e+81
1.16901e+81
1.23637e+81
1.25408e+81
1.26408e+81
1.3335e+81
1.49818e+81
1.72145e+81
1.92782e+81
2.05839e+81
2.10071e+81
2.1116e+81
2.20116e+81
2.44793e+81
2.81271e+81
3.1735e+81
3.42103e+81
3.51667e+81
3.53221e+81
3.64271e+81
4.00468e+81
4.5923e+81
5.2151e+81
5.67551e+81
5.88161e+81
5.91431e+81
6.04369e+81
6.56203e+81
7.49462e+81
8.55619e+81
9.39839e+81
9.82534e+81
9.90849e+81
1.00513e+82
1.07737e+82
1.22302e+82
1.40169e+82
1.55346e+82
1.63905e+82
1.66029e+82
1.67524e+82
1.77285e+82
1.99643e+82
2.29327e+82
2.563e+82
2.72995e+82
2.78144e+82
2.79728e+82
2.92448e+82
3.26124e+82
3.7479e+82
4.22101e+82
4.5392e+82
4.65712e+82
4.67773e+82
4.83659e+82
5.33333e+82
6.12018e+82
6.93947e+82
7.53404e+82
7.79103e+82
7.83074e+82
8.01937e+82
8.73526e+82
9.98888e+82
1.13899e+83
1.24819e+83
1.30193e+83
1.31178e+83
1.33291e+83
1.43341e+83
1.63003e+83
1.86658e+83
2.06409e+83
2.17267e+83
2.19803e+83
2.22041e+83
2.35733e+83
2.66051e+83
3.05483e+83
3.40706e+83
3.62022e+83
3.68263e+83
3.70597e+83
3.88615e+83
4.34507e+83
4.99377e+83
5.61363e+83
6.02214e+83
6.16708e+83
6.19519e+83
6.42281e+83
7.1035e+83
8.15612e+83
9.23302e+83
9.99998e+83
1.03196e+84
1.03686e+84
1.06426e+84
1.16296e+84
1.33131e+84
1.51605e+84
1.6575e+84
1.72499e+84
1.73669e+84
1.76786e+84
1.90739e+84
2.17251e+84
2.48545e+84
2.74226e+84
2.87972e+84
2.90992e+84
2.94335e+84
3.13499e+84
3.54561e+84
4.06898e+84
4.52857e+84
4.8003e+84
4.87565e+84
4.91035e+84
5.1649e+84
5.78949e+84
6.65341e+84
7.46488e+84
7.98865e+84
8.16619e+84
8.20555e+84
8.53068e+84
9.46208e+84
1.08689e+85
1.22833e+85
1.32715e+85
1.36679e+85
1.37297e+85
1.41261e+85
1.54848e+85
1.77433e+85
2.01774e+85
2.20079e+85
2.28535e+85
2.29928e+85
2.34507e+85
2.53845e+85
2.89555e+85
3.30919e+85
3.6428e+85
3.81651e+85
3.85237e+85
3.90219e+85
4.16983e+85
4.72533e+85
5.41939e+85
6.01853e+85
6.36437e+85
6.45502e+85
6.50684e+85
6.86554e+85
7.71452e+85
8.86406e+85
9.92548e+85
1.05961e+86
1.08128e+86
1.08692e+86
1.13322e+86
1.26048e+86
1.44834e+86
1.63394e+86
1.76112e+86
1.81013e+86
1.81812e+86
1.8753e+86
2.06203e+86
2.36472e+86
2.68516e+86
2.92179e+86
3.02749e+86
3.04422e+86
3.11122e+86
3.37874e+86
3.85922e+86
4.40554e+86
4.83849e+86
5.05758e+86
5.10008e+86
5.17409e+86
5.5471e+86
6.29774e+86
7.21739e+86
7.99776e+86
8.43718e+86
8.54581e+86
8.62336e+86
9.12762e+86
1.02802e+87
1.18084e+87
1.31956e+87
1.40531e+87
1.43167e+87
1.43987e+87
1.50563e+87
1.67928e+87
1.92989e+87
2.17325e+87
2.33672e+87
2.39715e+87
2.40777e+87
2.48994e+87
2.74618e+87
3.15146e+87
3.57299e+87
3.87854e+87
4.01032e+87
4.03066e+87
4.12832e+87
4.49775e+87
5.1436e+87
5.86455e+87
6.42589e+87
6.70161e+87
6.75198e+87
6.86151e+87
7.38036e+87
8.39355e+87
9.61111e+87
1.06266e+88
1.1184e+88
1.13137e+88
1.14297e+88
1.2137e+88
1.36997e+88
1.57297e+88
1.75412e+88
1.86358e+88
1.89553e+88
1.90762e+88
2.00075e+88
2.23738e+88
2.57141e+88
2.89025e+88
3.1001e+88
3.17436e+88
3.18887e+88
3.30659e+88
3.65768e+88
4.19982e+88
4.75386e+88
5.14798e+88
5.31184e+88
5.33698e+88
5.47879e+88
5.98809e+88
6.85534e+88
7.80597e+88
8.53306e+88
8.87928e+88
8.93907e+88
9.10056e+88
9.82086e+88
1.1187e+89
1.27976e+89
1.41179e+89
1.48235e+89
1.49779e+89
1.51513e+89
1.6141e+89
1.82574e+89
2.09517e+89
2.3315e+89
2.47103e+89
2.5096e+89
2.52759e+89
2.65912e+89
2.98115e+89
3.42598e+89
3.84335e+89
4.1124e+89
4.20334e+89
4.22368e+89
4.3918e+89
4.87217e+89
5.5967e+89
6.32431e+89
6.83209e+89
7.03528e+89
7.06701e+89
7.2722e+89
7.9732e+89
9.13658e+89
1.0389e+90
1.13299e+90
1.17636e+90
1.18349e+90
1.20721e+90
1.30702e+90
1.49101e+90
1.7039e+90
1.8754e+90
1.96456e+90
1.98289e+90
2.00872e+90
2.14692e+90
2.43322e+90
2.79049e+90
3.09858e+90
3.27615e+90
3.32252e+90
3.3494e+90
3.53473e+90
3.97241e+90
4.56427e+90
5.11018e+90
5.45464e+90
5.56562e+90
5.59477e+90
5.83416e+90
6.49046e+90
7.45785e+90
8.41264e+90
9.06609e+90
9.31729e+90
9.35839e+90
9.65422e+90
1.06175e+91
1.21767e+91
1.38254e+91
1.50416e+91
1.55836e+91
1.56693e+91
1.60162e+91
1.73968e+91
1.98724e+91
2.26839e+91
2.49096e+91
2.60338e+91
2.62511e+91
2.66347e+91
2.85607e+91
3.24291e+91
3.71628e+91
4.11754e+91
4.34313e+91
4.39869e+91
4.43891e+91
4.69941e+91
5.29355e+91
6.08036e+91
6.79378e+91
7.23415e+91
7.36911e+91
7.4116e+91
7.75149e+91
8.64695e+91
9.93745e+91
1.11893e+92
1.20292e+92
1.23388e+92
1.23935e+92
1.28186e+92
1.41404e+92
1.62296e+92
1.84022e+92
1.997e+92
2.06392e+92
2.07438e+92
2.12502e+92
2.31579e+92
2.64874e+92
3.02033e+92
3.30889e+92
3.44894e+92
3.47465e+92
3.53153e+92
3.79964e+92
4.3221e+92
4.94958e+92
5.47227e+92
5.75577e+92
5.82173e+92
5.8821e+92
6.24789e+92
7.05401e+92
8.10013e+92
9.03315e+92
9.59114e+92
9.75323e+92
9.81623e+92
1.02984e+93
1.15195e+93
1.32409e+93
1.48837e+93
1.5956e+93
1.63324e+93
1.64076e+93
1.7018e+93
1.88309e+93
2.1625e+93
2.44797e+93
2.64985e+93
2.73287e+93
2.74577e+93
2.81942e+93
3.08259e+93
3.52967e+93
4.01944e+93
4.39266e+93
4.56816e+93
4.5986e+93
4.68264e+93
5.05515e+93
5.75963e+93
6.58938e+93
7.26817e+93
7.62632e+93
7.70462e+93
7.79504e+93
8.30742e+93
9.39934e+93
1.07873e+94
1.20035e+94
1.27133e+94
1.29085e+94
1.30024e+94
1.36843e+94
1.53466e+94
1.76385e+94
1.97873e+94
2.11594e+94
2.16192e+94
2.17251e+94
2.2598e+94
2.50793e+94
2.8813e+94
3.25597e+94
3.51563e+94
3.61834e+94
3.63465e+94
3.74139e+94
4.10379e+94
4.7035e+94
5.34846e+94
5.83066e+94
6.05004e+94
6.08627e+94
6.20994e+94
6.72647e+94
7.67534e+94
8.77161e+94
9.65221e+94
1.01038e+95
1.01965e+95
1.03315e+95
1.10476e+95
1.25249e+95
1.43648e+95
1.59486e+95
1.685e+95
1.7084e+95
1.72248e+95
1.81865e+95
2.04463e+95
2.34949e+95
2.63032e+95
2.80564e+95
2.86161e+95
2.87684e+95
3.00128e+95
3.34041e+95
3.83884e+95
4.33018e+95
4.66369e+95
4.79038e+95
4.81157e+95
4.96569e+95
5.46393e+95
6.26755e+95
7.11613e+95
7.73842e+95
8.01197e+95
8.05548e+95
8.23672e+95
8.9516e+95
1.02282e+96
1.16754e+96
1.28166e+96
1.33848e+96
1.34944e+96
1.36954e+96
1.4694e+96
1.66901e+96
1.91271e+96
2.11876e+96
2.23302e+96
2.26098e+96
2.28211e+96
2.41741e+96
2.72422e+96
3.12937e+96
3.49606e+96
3.71972e+96
3.7876e+96
3.80989e+96
3.98677e+96
4.44959e+96
5.11434e+96
5.75809e+96
6.18592e+96
6.34167e+96
6.37002e+96
6.59176e+96
7.27567e+96
8.35142e+96
9.46697e+96
1.02691e+97
1.06093e+97
1.06622e+97
1.09268e+97
1.19144e+97
1.36301e+97
1.55388e+97
1.70163e+97
1.77295e+97
1.78591e+97
1.81571e+97
1.95469e+97
2.22411e+97
2.54659e+97
2.8144e+97
2.95897e+97
2.99226e+97
3.02396e+97
3.21383e+97
3.62985e+97
4.16781e+97
4.64615e+97
4.93104e+97
5.01304e+97
5.04607e+97
5.29677e+97
5.92752e+97
6.81324e+97
7.65595e+97
8.20402e+97
8.39486e+97
8.43387e+97
8.75185e+97
9.68912e+97
1.11277e+98
1.2593e+98
1.36257e+98
1.40476e+98
1.41132e+98
1.44978e+98
1.58598e+98
1.81633e+98
2.06786e+98
2.25891e+98
2.34826e+98
2.36361e+98
2.40761e+98
2.60064e+98
2.96385e+98
3.39023e+98
3.73795e+98
3.92054e+98
3.96003e+98
4.00748e+98
4.27335e+98
4.83674e+98
5.55039e+98
6.1738e+98
6.5361e+98
6.63476e+98
6.68408e+98
7.03844e+98
7.89686e+98
9.07594e+98
1.01781e+99
1.08792e+99
1.11122e+99
1.11673e+99
1.16218e+99
1.29044e+99
1.48264e+99
1.67493e+99
1.80771e+99
1.85988e+99
1.86822e+99
1.92392e+99
2.11143e+99
2.42035e+99
2.75154e+99
2.99833e+99
3.10997e+99
3.12827e+99
3.19297e+99
3.46054e+99
3.94965e+99
4.51291e+99
4.96393e+99
5.19406e+99
5.2408e+99
5.31164e+99
5.68307e+99
6.44512e+99
7.39101e+99
8.20271e+99
8.66265e+99
8.78089e+99
8.85484e+99
9.3544e+99
1.05211e+100
1.20893e+100
1.35295e+100
1.4425e+100
1.47085e+100
1.47881e+100
1.54357e+100
1.71881e+100
1.97535e+100
2.22747e+100
2.39799e+100
2.4623e+100
2.47319e+100
2.55357e+100
2.81129e+100
3.22517e+100
3.66086e+100
3.97929e+100
4.11842e+100
4.14044e+100
4.2352e+100
4.6054e+100
5.26334e+100
6.00676e+100
6.59117e+100
6.88061e+100
6.93586e+100
7.04122e+100
7.55902e+100
8.58854e+100
9.84116e+100
1.0897e+101
1.14799e+101
1.1621e+101
1.1732e+101
1.24345e+101
1.40182e+101
1.61019e+101
1.79821e+101
1.91243e+101
1.94679e+101
1.95846e+101
2.05046e+101
2.28957e+101
2.63166e+101
2.96193e+101
3.18063e+101
3.25965e+101
3.27429e+101
3.38987e+101
3.74353e+101
4.29747e+101
4.87014e+101
5.28051e+101
5.45346e+101
5.48034e+101
5.61855e+101
6.12983e+101
7.01391e+101
7.99429e+101
8.75072e+101
9.11396e+101
9.17929e+101
9.3354e+101
1.00557e+102
1.1445e+102
1.31024e+102
1.44744e+102
1.52117e+102
1.53796e+102
1.55461e+102
1.65316e+102
1.86785e+102
2.14448e+102
2.38971e+102
2.53516e+102
2.57663e+102
2.59396e+102
2.7243e+102
3.05008e+102
3.50581e+102
3.9381e+102
4.21819e+102
4.31496e+102
4.3352e+102
4.50084e+102
4.9854e+102
5.72608e+102
6.47814e+102
7.00636e+102
7.22074e+102
7.2542e+102
7.455e+102
8.15988e+102
9.34657e+102
1.06383e+103
1.16164e+103
1.20711e+103
1.21486e+103
1.2379e+103
1.33791e+103
1.52517e+103
1.74426e+103
1.92238e+103
2.01546e+103
2.03538e+103
2.06028e+103
2.19823e+103
2.48891e+103
2.85583e+103
3.17538e+103
3.36029e+103
3.41016e+103
3.43606e+103
3.6202e+103
4.06347e+103
4.67005e+103
5.23534e+103
5.59355e+103
5.71164e+103
5.74035e+103
5.97697e+103
6.63987e+103
7.62926e+103
8.61606e+103
9.29511e+103
9.56007e+103
9.60276e+103
9.89339e+103
1.08635e+104
1.24548e+104
1.41554e+104
1.54185e+104
1.59865e+104
1.60789e+104
1.64174e+104
1.78033e+104
2.03245e+104
2.32184e+104
2.55283e+104
2.67011e+104
2.69367e+104
2.73083e+104
2.92347e+104
3.31657e+104
3.80282e+104
4.21882e+104
4.4535e+104
4.51323e+104
4.55206e+104
4.81156e+104
5.41389e+104
6.22049e+104
6.95904e+104
7.41649e+104
7.56006e+104
7.60164e+104
7.93862e+104
8.84416e+104
1.01645e+105
1.14582e+105
1.233e+105
1.26565e+105
1.27125e+105
1.31316e+105
1.44646e+105
1.65962e+105
1.8833e+105
2.04624e+105
2.117e+105
2.12815e+105
2.17769e+105
2.36938e+105
2.70846e+105
3.09036e+105
3.38961e+105
3.53706e+105
3.56491e+105
3.62014e+105
3.8886e+105
4.41956e+105
5.0634e+105
5.60443e+105
5.90174e+105
5.973e+105
6.03128e+105
6.39605e+105
7.21345e+105
8.28508e+105
9.24911e+105
9.83239e+105
1.00063e+106
1.00674e+106
1.05459e+106
1.17812e+106
1.35415e+106
1.5236e+106
1.63539e+106
1.67548e+106
1.68304e+106
1.74327e+106
1.92615e+106
2.21139e+106
2.50536e+106
2.7153e+106
2.80322e+106
2.81687e+106
2.88907e+106
3.15374e+106
3.60928e+106
4.11283e+106
4.5001e+106
4.68506e+106
4.718e+106
4.79977e+106
5.17312e+106
5.88948e+106
6.74121e+106
7.44416e+106
7.82011e+106
7.90484e+106
7.99222e+106
8.50374e+106
9.61161e+106
1.10341e+107
1.22912e+107
1.30338e+107
1.32436e+107
1.33344e+107
1.4012e+107
1.56946e+107
1.80394e+107
2.02569e+107
2.16882e+107
2.21789e+107
2.2284e+107
2.31468e+107
2.56517e+107
2.9465e+107
3.3325e+107
3.60267e+107
3.7116e+107
3.72866e+107
3.83349e+107
4.19827e+107
4.80962e+107
5.47301e+107
5.97363e+107
6.20512e+107
6.24422e+107
6.36479e+107
6.88298e+107
7.84835e+107
8.97415e+107
9.88655e+107
1.0361e+108
1.04615e+108
1.05921e+108
1.13078e+108
1.28075e+108
1.4694e+108
1.63319e+108
1.72757e+108
1.75277e+108
1.76636e+108
1.86205e+108
2.09094e+108
2.40298e+108
2.69291e+108
2.87592e+108
2.93576e+108
2.95072e+108
3.07391e+108
3.41651e+108
3.9258e+108
4.43221e+108
4.77945e+108
4.91401e+108
4.93587e+108
5.0875e+108
5.58942e+108
6.40904e+108
7.28224e+108
7.92866e+108
8.21766e+108
8.26439e+108
8.44144e+108
9.15927e+108
1.04588e+109
1.19456e+109
1.31286e+109
1.37262e+109
1.3845e+109
1.40398e+109
1.50389e+109
1.70666e+109
1.95662e+109
2.16982e+109
2.28955e+109
2.31972e+109
2.34011e+109
2.4749e+109
2.78585e+109
3.20073e+109
3.57946e+109
3.81311e+109
3.88581e+109
3.90755e+109
4.08289e+109
4.55078e+109
5.23033e+109
5.89411e+109
6.33984e+109
6.50553e+109
6.53436e+109
6.7529e+109
7.44237e+109
8.54009e+109
9.68849e+109
1.05222e+110
1.08821e+110
1.09385e+110
1.11975e+110
1.219e+110
1.39374e+110
1.58992e+110
1.74316e+110
1.81826e+110
1.8323e+110
1.86125e+110
2.00043e+110
2.27425e+110
2.60517e+110
2.88239e+110
3.03404e+110
3.07001e+110
3.10062e+110
3.29e+110
3.71189e+110
4.263e+110
4.75728e+110
5.05512e+110
5.14311e+110
5.17515e+110
5.42401e+110
6.0621e+110
6.96796e+110
7.83726e+110
8.40864e+110
8.612e+110
8.65114e+110
8.96502e+110
9.91064e+110
1.13794e+111
1.28884e+111
1.39623e+111
1.44093e+111
1.44786e+111
1.48558e+111
1.62257e+111
1.85729e+111
2.11592e+111
2.31419e+111
2.40836e+111
2.42498e+111
2.46781e+111
2.6613e+111
3.03066e+111
3.46837e+111
3.8285e+111
4.02019e+111
4.06294e+111
4.10881e+111
4.37428e+111
4.94596e+111
5.67739e+111
6.32186e+111
6.70093e+111
6.807e+111
6.85469e+111
7.20692e+111
8.0759e+111
9.28231e+111
1.04198e+112
1.11512e+112
1.13999e+112
1.14545e+112
1.19039e+112
1.31988e+112
1.5162e+112
1.71431e+112
1.85249e+112
1.90783e+112
1.91654e+112
1.97126e+112
2.16002e+112
2.47497e+112
2.81564e+112
3.07189e+112
3.18971e+112
3.20945e+112
3.27255e+112
3.54101e+112
4.03868e+112
4.61715e+112
5.0845e+112
5.32634e+112
5.37698e+112
5.44556e+112
5.81684e+112
6.59056e+112
7.56043e+112
8.39995e+112
8.88158e+112
9.00895e+112
9.08034e+112
9.57753e+112
1.07594e+113
1.23646e+113
1.38515e+113
1.47865e+113
1.50896e+113
1.51677e+113
1.58089e+113
1.75795e+113
2.0201e+113
2.27998e+113
2.45754e+113
2.52587e+113
2.53707e+113
2.61617e+113
2.87583e+113
3.29799e+113
3.74635e+113
4.07716e+113
4.22418e+113
4.24781e+113
4.3404e+113
4.71219e+113
5.38199e+113
6.14581e+113
6.75168e+113
7.05617e+113
7.11606e+113
7.21824e+113
7.73637e+113
8.78226e+113
1.00672e+114
1.11597e+114
1.17706e+114
1.1923e+114
1.20301e+114
1.27301e+114
1.43353e+114
1.64692e+114
1.84113e+114
1.96046e+114
1.99727e+114
2.00864e+114
2.09987e+114
2.34162e+114
2.69135e+114
3.03193e+114
3.2598e+114
3.34389e+114
3.35874e+114
3.47268e+114
3.82927e+114
4.39457e+114
4.98414e+114
5.41071e+114
5.59372e+114
5.62234e+114
5.75765e+114
6.27156e+114
7.17205e+114
8.17976e+114
8.96438e+114
9.34692e+114
9.4177e+114
9.56939e+114
1.02909e+115
1.17031e+115
1.34039e+115
1.48243e+115
1.55977e+115
1.57793e+115
1.594e+115
1.69232e+115
1.91006e+115
2.19348e+115
2.4469e+115
2.59898e+115
2.6435e+115
2.66029e+115
2.78971e+115
3.11931e+115
3.58544e+115
4.03141e+115
4.32344e+115
4.42659e+115
4.44685e+115
4.61041e+115
5.09934e+115
5.85557e+115
6.63015e+115
7.17955e+115
7.40671e+115
7.44198e+115
7.63894e+115
8.34805e+115
9.55739e+115
1.08857e+116
1.19007e+116
1.23802e+116
1.2464e+116
1.26883e+116
1.3691e+116
1.55955e+116
1.78448e+116
1.96897e+116
2.06671e+116
2.08827e+116
2.11235e+116
2.25012e+116
2.5451e+116
2.92119e+116
3.25157e+116
3.44507e+116
3.4987e+116
3.52373e+116
3.70681e+116
4.15558e+116
4.77627e+116
5.3597e+116
5.73346e+116
5.85954e+116
5.88794e+116
6.12195e+116
6.79131e+116
7.80196e+116
8.81874e+116
9.52546e+116
9.80661e+116
9.85105e+116
1.01367e+117
1.11134e+117
1.27358e+117
1.44853e+117
1.57969e+117
1.63965e+117
1.64961e+117
1.68263e+117
1.82171e+117
2.07827e+117
2.37549e+117
2.61487e+117
2.73813e+117
2.76367e+117
2.79965e+117
2.99225e+117
3.3914e+117
3.89002e+117
4.32031e+117
4.5661e+117
4.63045e+117
4.66794e+117
4.92625e+117
5.53645e+117
6.36219e+117
7.12478e+117
7.60242e+117
7.75599e+117
7.79673e+117
8.13048e+117
9.04551e+117
1.03949e+118
1.17284e+118
1.26363e+118
1.29833e+118
1.30407e+118
1.34534e+118
1.47966e+118
1.69709e+118
1.9273e+118
2.09659e+118
2.17138e+118
2.18333e+118
2.23175e+118
2.4243e+118
2.76952e+118
3.16192e+118
3.4722e+118
3.62733e+118
3.65752e+118
3.7111e+118
3.97978e+118
4.51924e+118
5.17972e+118
5.7396e+118
6.05126e+118
6.12819e+118
6.18443e+118
6.54798e+118
7.37658e+118
8.47411e+118
9.46996e+118
1.00794e+119
1.02658e+119
1.03253e+119
1.07999e+119
1.20489e+119
1.38488e+119
1.55962e+119
1.67611e+119
1.71878e+119
1.72644e+119
1.78584e+119
1.97025e+119
2.26136e+119
2.56403e+119
2.78228e+119
2.87533e+119
2.88985e+119
2.96056e+119
3.22663e+119
3.69066e+119
4.20828e+119
4.61002e+119
4.80485e+119
4.84054e+119
4.92002e+119
5.29404e+119
6.02226e+119
6.89639e+119
7.62418e+119
8.01864e+119
8.11025e+119
8.19464e+119
8.70503e+119
9.82877e+119
1.12862e+120
1.25855e+120
1.3362e+120
1.35873e+120
1.36753e+120
1.43482e+120
1.60508e+120
1.84493e+120
2.07371e+120
2.22296e+120
2.27528e+120
2.28577e+120
2.37099e+120
2.62378e+120
3.01314e+120
3.41073e+120
3.69177e+120
3.80722e+120
3.82516e+120
3.92802e+120
4.29504e+120
4.91812e+120
5.60032e+120
6.11993e+120
6.36404e+120
6.40632e+120
6.52375e+120
7.04336e+120
8.02527e+120
9.18115e+120
1.01263e+121
1.06246e+121
1.07333e+121
1.08597e+121
1.15746e+121
1.30967e+121
1.50304e+121
1.67239e+121
1.77116e+121
1.79828e+121
1.81142e+121
1.90657e+121
2.13832e+121
2.45765e+121
2.75691e+121
2.94788e+121
3.01179e+121
3.02657e+121
3.14842e+121
3.49441e+121
4.01468e+121
4.53651e+121
4.89795e+121
5.04076e+121
5.06347e+121
5.21252e+121
5.71793e+121
6.55368e+121
7.45204e+121
8.12334e+121
8.42847e+121
8.4788e+121
8.65158e+121
9.37206e+121
1.06945e+122
1.22217e+122
1.34478e+122
1.4076e+122
1.42047e+122
1.43935e+122
1.53925e+122
1.74517e+122
2.0015e+122
2.22204e+122
2.34746e+122
2.37998e+122
2.39966e+122
2.53386e+122
2.8489e+122
3.27366e+122
3.66474e+122
3.90874e+122
3.98653e+122
4.0078e+122
4.1815e+122
4.65436e+122
5.34887e+122
6.03317e+122
6.4974e+122
6.67354e+122
6.70306e+122
6.91826e+122
7.61308e+122
8.73296e+122
9.91492e+122
1.07812e+123
1.11617e+123
1.12221e+123
1.14753e+123
1.24724e+123
1.42516e+123
1.62675e+123
1.78564e+123
1.86468e+123
1.8799e+123
1.90799e+123
2.04731e+123
2.32554e+123
2.66504e+123
2.95195e+123
3.11093e+123
3.14978e+123
3.17932e+123
3.3681e+123
3.79581e+123
4.36029e+123
4.87092e+123
5.18219e+123
5.27652e+123
5.30767e+123
5.55455e+123
6.19984e+123
7.12608e+123
8.02264e+123
8.61813e+123
8.83465e+123
8.87417e+123
9.18377e+123
1.01375e+124
1.16365e+124
1.31903e+124
1.43069e+124
1.478e+124
1.48536e+124
1.52231e+124
1.66006e+124
1.89917e+124
2.16505e+124
2.37074e+124
2.46996e+124
2.48796e+124
2.5296e+124
2.72347e+124
3.09899e+124
3.54824e+124
3.92113e+124
4.12229e+124
4.16852e+124
4.21283e+124
4.47776e+124
5.05769e+124
5.80717e+124
6.47328e+124
6.86974e+124
6.98368e+124
7.02985e+124
7.37973e+124
8.25912e+124
9.49324e+124
1.06668e+125
1.14297e+125
1.1695e+125
1.17494e+125
1.21933e+125
1.35002e+125
1.55049e+125
1.75457e+125
1.89832e+125
1.95699e+125
1.96613e+125
2.01984e+125
2.20979e+125
2.5308e+125
2.88116e+125
3.14715e+125
3.27142e+125
3.29275e+125
3.35423e+125
3.62348e+125
4.12972e+125
4.72369e+125
5.20784e+125
5.46187e+125
5.51671e+125
5.58305e+125
5.95399e+125
6.73933e+125
7.73357e+125
8.60167e+125
9.10581e+125
9.24289e+125
9.31184e+125
9.80637e+125
1.10031e+126
1.26459e+126
1.41808e+126
1.51566e+126
1.54805e+126
1.55575e+126
1.61919e+126
1.79802e+126
2.06585e+126
2.33365e+126
2.51849e+126
2.59103e+126
2.60264e+126
2.68043e+126
2.94192e+126
3.37243e+126
3.83373e+126
4.17731e+126
4.33258e+126
4.358e+126
4.4484e+126
4.8216e+126
5.50331e+126
6.28793e+126
6.91589e+126
7.23605e+126
7.30096e+126
7.39997e+126
7.91816e+126
8.98038e+126
1.02981e+127
1.14284e+127
1.20684e+127
1.22327e+127
1.2336e+127
1.30332e+127
1.46597e+127
1.68445e+127
1.88501e+127
2.00965e+127
2.04905e+127
2.06016e+127
2.15056e+127
2.3949e+127
2.75236e+127
3.1035e+127
3.34085e+127
3.43027e+127
3.44544e+127
3.55767e+127
3.91707e+127
4.49383e+127
5.10068e+127
5.54397e+127
5.73747e+127
5.76807e+127
5.90044e+127
6.41677e+127
7.33375e+127
8.36932e+127
9.18298e+127
9.58562e+127
9.66235e+127
9.8096e+127
1.05319e+128
1.1967e+128
1.3712e+128
1.51822e+128
1.59932e+128
1.61893e+128
1.63444e+128
1.73247e+128
1.95324e+128
2.24355e+128
2.50537e+128
2.66433e+128
2.71207e+128
2.72839e+128
2.8568e+128
3.19017e+128
3.66682e+128
4.1268e+128
4.4312e+128
4.54106e+128
4.56147e+128
4.72283e+128
5.216e+128
5.98793e+128
6.78555e+128
7.35681e+128
7.59733e+128
7.6347e+128
7.82774e+128
8.54082e+128
9.77292e+128
1.11386e+129
1.21917e+129
1.26969e+129
1.27877e+129
1.30058e+129
1.40107e+129
1.59471e+129
1.82559e+129
2.01663e+129
2.11921e+129
2.14254e+129
2.1658e+129
2.30332e+129
2.60259e+129
2.98799e+129
3.32948e+129
3.53189e+129
3.58952e+129
3.61373e+129
3.79564e+129
4.24984e+129
4.88483e+129
5.48686e+129
5.87669e+129
6.01121e+129
6.03946e+129
6.2707e+129
6.94636e+129
7.97848e+129
9.02594e+129
9.76123e+129
1.00593e+130
1.01059e+130
1.03863e+130
1.13694e+130
1.30232e+130
1.48225e+130
1.61841e+130
1.68167e+130
1.69243e+130
1.72461e+130
1.86412e+130
2.12511e+130
2.43032e+130
2.67833e+130
2.80783e+130
2.83549e+130
2.8703e+130
3.06276e+130
3.46795e+130
3.97913e+130
4.4241e+130
4.68142e+130
4.7507e+130
4.7869e+130
5.04389e+130
5.66186e+130
6.507e+130
7.29425e+130
7.79279e+130
7.95692e+130
7.99701e+130
8.32733e+130
9.25162e+130
1.06303e+131
1.20046e+131
1.29499e+131
1.33183e+131
1.33777e+131
1.37836e+131
1.51365e+131
1.7354e+131
1.97227e+131
2.14811e+131
2.22712e+131
2.23996e+131
2.28725e+131
2.48056e+131
2.83195e+131
3.23506e+131
3.55668e+131
3.71983e+131
3.75256e+131
3.80449e+131
4.07325e+131
4.62118e+131
5.2986e+131
5.87786e+131
6.20441e+131
6.28738e+131
6.34167e+131
6.70378e+131
7.54348e+131
8.6673e+131
9.6958e+131
1.03324e+132
1.0532e+132
1.059e+132
1.10604e+132
1.2323e+132
1.41628e+132
1.59645e+132
1.7178e+132
1.76319e+132
1.77099e+132
1.82952e+132
2.01541e+132
2.31245e+132
2.62401e+132
2.85083e+132
2.94925e+132
2.96474e+132
3.03393e+132
3.3013e+132
3.77387e+132
4.30584e+132
4.72249e+132
4.9276e+132
4.96628e+132
5.04346e+132
5.41797e+132
6.15806e+132
7.05498e+132
7.80832e+132
8.222e+132
8.32099e+132
8.40246e+132
8.91144e+132
1.00509e+133
1.1544e+133
1.28864e+133
1.36981e+133
1.39398e+133
1.40252e+133
1.46931e+133
1.64153e+133
1.88681e+133
2.1228e+133
2.27839e+133
2.33412e+133
2.34467e+133
2.42877e+133
2.68378e+133
3.08126e+133
3.49071e+133
3.78296e+133
3.90522e+133
3.92421e+133
4.02505e+133
4.39417e+133
5.02903e+133
5.73045e+133
6.26962e+133
6.5269e+133
6.57266e+133
6.68692e+133
7.20772e+133
8.20619e+133
9.39271e+133
1.03715e+134
1.08946e+134
1.10122e+134
1.11344e+134
1.18481e+134
1.33924e+134
1.53742e+134
1.71249e+134
1.81582e+134
1.84496e+134
1.85767e+134
1.95223e+134
2.18681e+134
2.51353e+134
2.82234e+134
3.02156e+134
3.08976e+134
3.10443e+134
3.22487e+134
3.57416e+134
4.10553e+134
4.64315e+134
5.01923e+134
5.1707e+134
5.19444e+134
5.34083e+134
5.84956e+134
6.70155e+134
7.62559e+134
8.32255e+134
8.64452e+134
8.69884e+134
8.86729e+134
9.5901e+134
1.09356e+135
1.25039e+135
1.37743e+135
1.44344e+135
1.45739e+135
1.47565e+135
1.5755e+135
1.78455e+135
2.04737e+135
2.27545e+135
2.40677e+135
2.44179e+135
2.46079e+135
2.59433e+135
2.91342e+135
3.34819e+135
3.75195e+135
4.00666e+135
4.08982e+135
4.11072e+135
4.28268e+135
4.76038e+135
5.47004e+135
6.17534e+135
6.65869e+135
6.84578e+135
6.87622e+135
7.08796e+135
7.78791e+135
8.93011e+135
1.01464e+136
1.10463e+136
1.14482e+136
1.15132e+136
1.17605e+136
1.27617e+136
1.45729e+136
1.6644e+136
1.82911e+136
1.91225e+136
1.92874e+136
1.95598e+136
2.09536e+136
2.378e+136
2.72623e+136
3.02309e+136
3.1897e+136
3.23161e+136
3.26011e+136
3.4482e+136
3.88168e+136
4.45972e+136
4.98713e+136
5.31231e+136
5.41334e+136
5.44371e+136
5.68846e+136
6.34082e+136
7.2877e+136
8.21216e+136
8.83258e+136
9.06294e+136
9.10311e+136
9.40825e+136
1.03697e+137
1.18994e+137
1.3499e+137
1.46596e+137
1.51601e+137
1.52386e+137
1.56002e+137
1.69846e+137
1.94199e+137
2.21526e+137
2.4286e+137
2.53308e+137
2.55258e+137
2.59303e+137
2.78719e+137
3.16886e+137
3.62986e+137
4.01587e+137
4.22687e+137
4.27683e+137
4.31962e+137
4.58387e+137
5.17199e+137
5.93982e+137
6.62812e+137
7.04262e+137
7.16488e+137
7.20966e+137
7.557e+137
8.44663e+137
9.70882e+137
1.09195e+138
1.17148e+138
1.19975e+138
1.2052e+138
1.24903e+138
1.38089e+138
1.58555e+138
1.79573e+138
1.94523e+138
2.00738e+138
2.01703e+138
2.0697e+138
2.26077e+138
2.58788e+138
2.94814e+138
3.22417e+138
3.35517e+138
3.37824e+138
3.43808e+138
3.70799e+138
4.22282e+138
4.83257e+138
5.334e+138
5.60071e+138
5.66008e+138
5.7242e+138
6.09459e+138
6.89151e+138
7.91052e+138
8.80797e+138
9.33547e+138
9.48285e+138
9.54951e+138
1.00411e+139
1.12526e+139
1.29335e+139
1.45176e+139
1.55356e+139
1.58813e+139
1.59576e+139
1.65849e+139
1.83905e+139
2.1126e+139
2.38853e+139
2.58088e+139
2.65784e+139
2.66995e+139
2.74637e+139
3.00962e+139
3.44853e+139
3.92305e+139
4.27979e+139
4.44367e+139
4.47109e+139
4.55925e+139
4.93372e+139
5.62736e+139
6.43318e+139
7.08388e+139
7.42035e+139
7.49068e+139
7.58653e+139
8.10453e+139
9.18304e+139
1.05342e+140
1.17032e+140
1.23734e+140
1.25504e+140
1.26502e+140
1.3344e+140
1.49916e+140
1.72281e+140
1.92989e+140
2.06001e+140
2.10215e+140
2.11305e+140
2.20256e+140
2.44944e+140
2.81472e+140
3.17666e+140
3.42382e+140
3.51882e+140
3.53443e+140
3.64488e+140
4.00698e+140
4.59529e+140
5.2198e+140
5.68033e+140
5.88482e+140
5.91764e+140
6.04699e+140
6.56555e+140
7.49907e+140
8.56307e+140
9.40662e+140
9.83022e+140
9.91339e+140
1.00562e+141
1.0779e+141
1.22369e+141
1.40269e+141
1.55482e+141
1.63982e+141
1.66099e+141
1.67596e+141
1.77364e+141
1.99742e+141
2.29472e+141
2.56517e+141
2.73125e+141
2.78241e+141
2.7983e+141
2.92563e+141
3.26269e+141
3.75e+141
4.22433e+141
4.54151e+141
4.65842e+141
4.67912e+141
4.8382e+141
5.33546e+141
6.12323e+141
6.9444e+141
7.53823e+141
7.79273e+141
7.83251e+141
8.02152e+141
8.73829e+141
9.99328e+141
1.1397e+142
1.24894e+142
1.30215e+142
1.31198e+142
1.33318e+142
1.43383e+142
1.63066e+142
1.8676e+142
2.06538e+142
2.173e+142
2.19821e+142
2.22068e+142
2.35787e+142
2.6614e+142
3.05626e+142
3.40916e+142
3.6208e+142
3.68267e+142
3.70614e+142
3.88676e+142
4.3463e+142
4.99578e+142
5.61686e+142
6.02334e+142
6.16673e+142
6.19499e+142
6.42333e+142
7.10511e+142
8.15891e+142
9.23775e+142
1.00025e+143
1.03184e+143
1.03675e+143
1.06426e+143
1.16315e+143
1.33169e+143
1.51672e+143
1.65803e+143
1.72473e+143
1.73636e+143
1.7677e+143
1.90757e+143
2.17302e+143
2.48636e+143
2.74324e+143
2.87923e+143
2.90917e+143
2.94283e+143
3.13504e+143
3.54625e+143
4.07021e+143
4.53026e+143
4.79953e+143
4.87405e+143
4.90903e+143
5.16454e+143
5.7902e+143
6.65501e+143
7.46752e+143
7.98771e+143
8.16298e+143
8.20262e+143
8.52929e+143
9.46263e+143
1.08709e+144
1.22871e+144
1.32708e+144
1.36617e+144
1.37236e+144
1.41224e+144
1.54846e+144
1.77456e+144
2.01824e+144
2.20084e+144
2.28424e+144
2.29808e+144
2.34421e+144
2.53821e+144
2.89578e+144
3.30982e+144
3.64311e+144
3.8146e+144
3.85007e+144
3.90035e+144
4.16906e+144
4.72545e+144
5.4201e+144
6.01927e+144
6.36128e+144
6.45069e+144
6.50309e+144
6.86357e+144
7.71425e+144
8.86474e+144
9.92672e+144
1.05915e+145
1.08049e+145
1.08618e+145
1.13277e+145
1.26035e+145
1.44837e+145
1.6341e+145
1.76048e+145
1.80872e+145
1.81672e+145
1.87434e+145
2.06165e+145
2.36466e+145
2.68531e+145
2.92098e+145
3.02501e+145
3.04161e+145
3.10925e+145
3.37781e+145
3.85894e+145
4.40556e+145
4.83755e+145
5.05337e+145
5.0953e+145
5.17018e+145
5.545e+145
6.29694e+145
7.21707e+145
7.99667e+145
8.43031e+145
8.53718e+145
8.61581e+145
9.1231e+145
1.02782e+146
1.18073e+146
1.31941e+146
1.40424e+146
1.43013e+146
1.43845e+146
1.50469e+146
1.67884e+146
1.92962e+146
2.17299e+146
2.33513e+146
2.39446e+146
2.40513e+146
2.48806e+146
2.74522e+146
3.15089e+146
3.57246e+146
3.87628e+146
4.00569e+146
4.02586e+146
4.12463e+146
4.49572e+146
5.14243e+146
5.86346e+146
6.42278e+146
6.69379e+146
6.74336e+146
6.85443e+146
7.37618e+146
8.3912e+146
9.60894e+146
1.06223e+147
1.11711e+147
1.12984e+147
1.14164e+147
1.21285e+147
1.3695e+147
1.57256e+147
1.75349e+147
1.86155e+147
1.89284e+147
1.90515e+147
1.99907e+147
2.23644e+147
2.57063e+147
2.88924e+147
3.09699e+147
3.16971e+147
3.18435e+147
3.30332e+147
3.65582e+147
4.19839e+147
4.75216e+147
5.14337e+147
5.3039e+147
5.32886e+147
5.47252e+147
5.98439e+147
6.85272e+147
7.80299e+147
8.52638e+147
8.86594e+147
8.92465e+147
9.08873e+147
9.81355e+147
1.11821e+148
1.27923e+148
1.41083e+148
1.48015e+148
1.49526e+148
1.51292e+148
1.61267e+148
1.82484e+148
2.09424e+148
2.33007e+148
2.46751e+148
2.50519e+148
2.52355e+148
2.65635e+148
2.97944e+148
3.42437e+148
3.84112e+148
4.10692e+148
4.19575e+148
4.21638e+148
4.38648e+148
4.86892e+148
5.59389e+148
6.32068e+148
6.82378e+148
7.02236e+148
7.05397e+148
7.26213e+148
7.96696e+148
9.13166e+148
1.0383e+149
1.13175e+149
1.17419e+149
1.18118e+149
1.20532e+149
1.30582e+149
1.49014e+149
1.70287e+149
1.87358e+149
1.96098e+149
1.97886e+149
2.00524e+149
2.14462e+149
2.43165e+149
2.78876e+149
3.09585e+149
3.27037e+149
3.31555e+149
3.34306e+149
3.53034e+149
3.96954e+149
4.56134e+149
5.10597e+149
5.44554e+149
5.55366e+149
5.58337e+149
5.82584e+149
6.48513e+149
7.45288e+149
8.40592e+149
9.05211e+149
9.29699e+149
9.33812e+149
9.63861e+149
1.06076e+150
1.21682e+150
1.38145e+150
1.50205e+150
1.55496e+150
1.56336e+150
1.59873e+150
1.7378e+150
1.98577e+150
2.26658e+150
2.4878e+150
2.59775e+150
2.61889e+150
2.65815e+150
2.8525e+150
3.24033e+150
3.71329e+150
4.11278e+150
4.334e+150
4.38796e+150
4.42925e+150
4.69268e+150
5.28893e+150
6.07538e+150
6.78647e+150
7.21965e+150
7.35074e+150
7.39426e+150
7.73885e+150
8.63855e+150
9.92915e+150
1.11778e+151
1.20066e+151
1.23077e+151
1.23627e+151
1.2795e+151
1.41249e+151
1.62139e+151
1.8378e+151
1.99324e+151
2.05904e+151
2.06927e+151
2.12088e+151
2.31299e+151
2.64624e+151
3.01659e+151
3.30296e+151
3.44098e+151
3.46597e+151
3.52416e+151
3.79461e+151
4.31802e+151
4.94386e+151
5.46306e+151
5.74295e+151
5.80716e+151
5.8691e+151
6.23876e+151
7.04719e+151
8.09137e+151
9.01894e+151
9.57066e+151
9.72898e+151
9.79351e+151
1.02818e+152
1.15079e+152
1.32274e+152
1.48619e+152
1.59236e+152
1.62923e+152
1.63683e+152
1.6988e+152
1.88104e+152
2.16039e+152
2.44463e+152
2.64474e+152
2.72632e+152
2.73903e+152
2.81404e+152
3.07896e+152
3.52632e+152
4.01435e+152
4.38466e+152
4.55752e+152
4.58714e+152
4.67304e+152
5.04861e+152
5.75421e+152
6.58163e+152
7.25573e+152
7.60916e+152
7.68534e+152
7.77806e+152
8.29559e+152
9.39032e+152
1.07755e+153
1.19843e+153
1.26858e+153
1.28763e+153
1.29727e+153
1.36628e+153
1.53313e+153
1.76202e+153
1.97578e+153
2.11158e+153
2.1566e+153
2.16734e+153
2.25591e+153
2.50527e+153
2.87846e+153
3.25145e+153
3.50874e+153
3.6096e+153
3.62577e+153
3.73439e+153
4.09907e+153
4.69902e+153
5.34156e+153
5.81987e+153
6.03583e+153
6.07115e+153
6.19743e+153
6.71799e+153
7.66811e+153
8.7611e+153
9.63542e+153
1.00808e+154
1.0171e+154
1.03094e+154
1.10323e+154
1.25129e+154
inf
inf
inf
inf
inf
inf
inf
inf
inf
inf
inf
inf
inf
inf
inf
inf
inf
inf
inf
inf
inf
inf
inf
inf
inf
inf
inf
inf
inf
inf
inf
inf
inf
inf
inf
inf
inf
inf
inf
inf
inf
inf
inf
inf
inf
inf
inf
inf
inf
inf
inf
inf
inf
inf
inf
inf
inf
inf
inf
inf
inf
inf
inf
inf
inf
inf
inf
inf
inf
inf
inf
inf
inf
inf
inf
inf
inf
inf
inf
inf
inf
inf
inf
inf
inf
inf
inf
inf
inf
inf
inf
inf
inf
inf
inf
inf
inf
inf
inf
inf
inf
inf
inf
inf
inf
inf
inf
inf
inf
inf
inf
inf
inf
inf
inf
inf
inf
inf
inf
inf
inf
inf
inf
inf
inf
inf
inf
inf
inf
inf
inf
inf
inf
inf
inf
inf
inf
inf
inf
inf
inf
inf
inf
inf
inf
inf
inf
inf
inf
inf
inf
inf
inf
inf
inf
inf
inf
inf
inf
inf
inf
inf
inf
inf
inf
inf
inf
inf
inf
inf
inf
inf
inf
inf
inf
inf
inf
inf
inf
inf
inf
inf
inf
inf
inf
inf
inf
inf
inf
inf
inf
inf
inf
inf
inf
inf
inf
inf
inf
inf
inf
inf
inf
inf
inf
inf
inf
inf
inf
inf
inf
inf
inf
inf
inf
inf
inf
inf
inf
inf
inf
inf
inf
inf
inf
inf
inf
inf
inf
inf
inf
inf
inf
inf
inf
inf
inf
inf
inf
inf
inf
inf
inf
inf
inf
inf
inf
inf
inf
inf
inf
inf
inf
inf
inf
inf
inf
inf
inf
inf
inf
inf
inf
inf
inf
inf
inf
inf
inf
inf
inf
inf
inf
inf
inf
inf
inf
inf
inf
inf
inf
inf
inf
inf
inf
inf
inf
inf
inf
inf
inf
inf
inf
inf
inf
inf
inf
inf
inf
inf
inf
inf
inf
inf
inf
inf
inf
inf
inf
inf
inf
inf
inf
inf
inf
inf
inf
inf
inf
inf
inf
inf
inf
inf
inf
inf
inf
inf
inf
inf
inf
inf
inf
inf
inf
inf
inf
inf
inf
inf
inf
inf
inf
inf
inf
inf
inf
inf
inf
inf
inf
inf
inf
inf
inf
inf
inf
inf
inf
inf
inf
inf
inf
inf
inf
inf
inf
inf
inf
inf
inf
inf
inf
inf
inf
inf
inf
inf
inf
inf
inf
inf
inf
inf
inf
inf
inf
inf
inf
inf
inf
inf
inf
inf
inf
inf
inf
inf
inf
inf
inf
inf
inf
inf
inf
inf
inf
inf
inf
inf
inf
inf
inf
inf
inf
inf
inf
inf
inf
inf
inf
inf
inf
inf
inf
inf
inf
inf
inf
inf
inf
inf
inf
inf
inf
inf
inf
inf
inf
inf
inf
inf
inf
inf
inf
inf
inf
inf
inf
inf
inf
inf
inf
inf
inf
inf
inf
inf
inf
inf
inf
inf
inf
inf
inf
inf
inf
inf
inf
inf
inf
inf
inf
inf
inf
inf
inf
inf
inf
inf
inf
inf
inf
inf
inf
inf
inf
inf
inf
inf
inf
inf
inf
inf
inf
inf
inf
inf
inf
inf
inf
inf
inf
inf
inf
inf
inf
inf
inf
inf
inf
inf
inf
inf
inf
inf
inf
inf
inf
inf
inf
inf
inf
inf
inf
inf
inf
inf
inf
inf
inf
inf
inf
inf
inf
inf
inf
inf
inf
inf
inf
inf
inf
inf
inf
inf
inf
inf
inf
inf
inf
inf
inf
inf
inf
inf
inf
inf
inf
inf
inf
inf
inf
inf
inf
inf
inf
inf
inf
inf
inf
inf
inf
inf
inf
inf
inf
inf
inf
inf
inf
inf
inf
inf
inf
inf
inf
inf
inf
inf
inf
inf
inf
inf
inf
inf
inf
inf
inf
inf
inf
inf
inf
inf
inf
inf
inf
inf
inf
inf
inf
inf
inf
inf
inf
inf
inf
inf
inf
inf
inf
inf
inf
inf
inf
inf
inf
inf
inf
inf
inf
inf
inf
inf
inf
inf
inf
inf
inf
inf
inf
inf
inf
inf
inf
inf
inf
inf
inf
inf
inf
inf
inf
inf
inf
inf
inf
inf
inf
inf
inf
inf
inf
inf
inf
inf
inf
inf
inf
inf
inf
inf
inf
inf
inf
inf
inf
inf
inf
inf
inf
inf
inf
inf
inf
inf
inf
inf
inf
inf
inf
inf
inf
inf
inf
inf
inf
inf
inf
inf
inf
inf
inf
inf
inf
inf
inf
inf
inf
inf
inf
inf
inf
inf
inf
inf
inf
inf
inf
inf
inf
inf
inf
inf
inf
inf
inf
inf
inf
inf
inf
inf
inf
inf
inf
inf
inf
inf
inf
inf
inf
inf
inf
inf
inf
inf
inf
inf
inf
inf
inf
inf
inf
inf
inf
inf
inf
inf
inf
inf
inf
inf
inf
inf
inf
inf
inf
inf
inf
inf
inf
inf
inf
inf
inf
inf
inf
inf
inf
inf
inf
inf
inf
inf
inf
inf
inf
inf
inf
inf
inf
inf
inf
inf
inf
inf
inf
inf
inf
inf
inf
inf
inf
inf
inf
inf
inf
inf
inf
inf
inf
inf
inf
inf
inf
inf
inf
inf
inf
inf
inf
inf
inf
inf
inf
inf
inf
inf
inf
inf
inf
inf
inf
inf
inf
inf
inf
inf
inf
inf
inf
inf
inf
inf
inf
inf
inf
inf
inf
inf
inf
inf
inf
inf
inf
inf
inf
inf
inf
inf
inf
inf
inf
inf
inf
inf
inf
inf
inf
inf
inf
inf
inf
inf
inf
inf
inf
inf
inf
inf
inf
inf
inf
inf
inf
inf
inf
inf
inf
inf
inf
inf
inf
inf
inf
inf
inf
inf
inf
inf
inf
inf
inf
inf
inf
inf
inf
inf
inf
inf
inf
inf
inf
inf
inf
inf
inf
inf
inf
inf
inf
inf
inf
inf
inf
inf
inf
inf
inf
inf
inf
inf
inf
inf
inf
inf
inf
inf
inf
inf
inf
inf
inf
inf
inf
inf
inf
inf
inf
inf
inf
inf
inf
inf
inf
inf
inf
inf
inf
inf
inf
inf
inf
inf
inf
inf
inf
inf
inf
inf
inf
inf
inf
inf
inf
inf
inf
inf
inf
inf
inf
inf
inf
inf
inf
inf
inf
inf
inf
inf
inf
inf
inf
inf
inf
inf
inf
inf
inf
inf
inf
inf
inf
inf
inf
inf
inf
inf
inf
inf
inf
inf
inf
inf
inf
inf
inf
inf
inf
inf
inf
inf
inf
inf
inf
inf
inf
inf
inf
inf
inf
inf
inf
inf
inf
inf
inf
inf
inf
inf
inf
inf
inf
inf
inf
inf
inf
inf
inf
inf
inf
inf
inf
inf
inf
inf
inf
inf
inf
inf
inf
inf
inf
inf
inf
inf
inf
inf
inf
inf
inf
inf
inf
inf
inf
inf
inf
inf
inf
inf
inf
inf
inf
inf
inf
inf
inf
inf
inf
inf
inf
inf
inf
inf
inf
inf
inf
inf
inf
inf
inf
inf
inf
inf
inf
inf
inf
inf
inf
inf
inf
inf
inf
inf
inf
inf
inf
inf
inf
inf
inf
inf
inf
inf
inf
inf
inf
inf
inf
inf
inf
inf
inf
inf
inf
inf
inf
inf
inf
inf
inf
inf
inf
inf
inf
inf
inf
inf
inf
inf
inf
inf
inf
inf
inf
inf
inf
inf
inf
inf
inf
inf
inf
inf
inf
inf
inf
inf
inf
inf
inf
inf
inf
inf
inf
inf
inf
inf
inf
inf
inf
inf
inf
inf
inf
inf
inf
inf
inf
inf
inf
inf
inf
inf
inf
inf
inf
inf
inf
inf
inf
inf
inf
inf
inf
inf
inf
inf
inf
inf
inf
inf
inf
inf
inf
inf
inf
inf
inf
inf
inf
inf
inf
inf
inf
inf
inf
inf
inf
inf
inf
inf
inf
inf
inf
inf
inf
inf
inf
inf
inf
inf
inf
inf
inf
inf
inf
inf
inf
inf
inf
inf
inf
inf
inf
inf
inf
inf
inf
inf
inf
inf
inf
inf
inf
inf
inf
inf
inf
inf
inf
inf
inf
inf
inf
inf
inf
inf
inf
inf
inf
inf
inf
inf
inf
inf
inf
inf
inf
inf
inf
inf
inf
inf
inf
inf
inf
inf
inf
inf
inf
inf
inf
inf
inf
inf
inf
inf
inf
inf
inf
inf
inf
inf
inf
inf
inf
inf
inf
inf
inf
inf
inf
inf
inf
inf
inf
inf
inf
inf
inf
inf
inf
inf
inf
inf
inf
inf
inf
inf
inf
inf
inf
inf
inf
inf
inf
inf
inf
inf
inf
inf
inf
inf
inf
inf
inf
inf
inf
inf
inf
inf
inf
inf
inf
inf
inf
inf
inf
inf
inf
inf
inf
inf
inf
inf
inf
inf
inf
inf
inf
inf
inf
inf
inf
inf
inf
inf
inf
inf
inf
inf
inf
inf
inf
inf
inf
inf
inf
inf
inf
inf
inf
inf
inf
inf
inf
inf
inf
inf
inf
inf
inf
inf
inf
inf
inf
inf
inf
inf
inf
inf
inf
inf
inf
inf
inf
inf
inf
inf
inf
inf
inf
inf
inf
inf
inf
inf
inf
inf
inf
inf
inf
inf
inf
inf
inf
inf
inf
inf
inf
inf
inf
inf
inf
inf
inf
inf
inf
inf
inf
inf
inf
inf
inf
inf
inf
inf
inf
inf
inf
inf
inf
inf
inf
inf
inf
inf
inf
inf
inf
inf
inf
inf
inf
inf
inf
inf
inf
inf
inf
inf
inf
inf
inf
inf
inf
inf
inf
inf
inf
inf
inf
inf
inf
inf
inf
inf
inf
inf
inf
inf
inf
inf
inf
inf
inf
inf
inf
inf
inf
inf
inf
inf
inf
inf
inf
inf
inf
inf
inf
inf
inf
inf
inf
inf
inf
inf
inf
inf
inf
inf
inf
inf
inf
inf
inf
inf
inf
inf
inf
inf
inf
inf
inf
inf
inf
inf
inf
inf
inf
inf
inf
inf
inf
inf
inf
inf
inf
inf
inf
inf
inf
inf
inf
inf
inf
inf
inf
inf
inf
inf
inf
inf
inf
inf
inf
inf
inf
inf
inf
inf
inf
inf
inf
inf
inf
inf
inf
inf
inf
inf
inf
inf
inf
inf
inf
inf
inf
inf
inf
inf
inf
inf
inf
inf
inf
inf
inf
inf
inf
inf
inf
inf
inf
inf
inf
inf
inf
inf
inf
inf
inf
inf
inf
inf
inf
inf
inf
inf
inf
inf
inf
inf
inf
inf
inf
inf
inf
inf
inf
inf
inf
inf
inf
inf
inf
inf
inf
inf
inf
inf
inf
inf
inf
inf
inf
inf
inf
inf
inf
inf
inf
inf
inf
inf
inf
inf
inf
inf
inf
inf
inf
inf
inf
inf
inf
inf
inf
inf
inf
inf
inf
inf
inf
inf
inf
inf
inf
inf
inf
inf
inf
inf
inf
inf
inf
inf
inf
inf
inf
inf
inf
inf
inf
inf
inf
inf
inf
inf
inf
inf
inf
inf
inf
inf
inf
inf
inf
inf
inf
inf
inf
inf
inf
inf
inf
inf
inf
inf
inf
inf
inf
inf
inf
inf
inf
inf
inf
inf
inf
inf
inf
inf
inf
inf
inf
inf
inf
inf
inf
inf
inf
inf
inf
inf
inf
inf
inf
inf
inf
inf
inf
inf
inf
inf
inf
inf
inf
inf
inf
inf
inf
inf
inf
inf
inf
inf
inf
inf
inf
inf
inf
inf
inf
inf
inf
inf
inf
inf
inf
inf
inf
inf
inf
inf
inf
inf
inf
inf
inf
inf
inf
inf
inf
inf
inf
inf
inf
inf
inf
inf
inf
inf
inf
inf
inf
inf
inf
inf
inf
inf
inf
inf
inf
inf
inf
inf
inf
inf
inf
inf
inf
inf
inf
inf
inf
inf
inf
inf
inf
inf
inf
inf
inf
inf
inf
inf
inf
inf
inf
inf
inf
inf
inf
inf
inf
inf
inf
inf
inf
inf
inf
inf
inf
inf
inf
inf
inf
inf
inf
inf
inf
inf
inf
inf
inf
inf
inf
inf
inf
inf
inf
inf
inf
inf
inf
inf
inf
inf
inf
inf
inf
inf
inf
inf
inf
inf
inf
inf
inf
inf
inf
inf
inf
inf
inf
inf
inf
inf
inf
inf
inf
inf
inf
inf
inf
inf
inf
inf
inf
inf
inf
inf
inf
inf
inf
inf
inf
inf
inf
inf
inf
inf
inf
inf
inf
inf
inf
inf
inf
inf
inf
inf
inf
inf
inf
inf
inf
inf
inf
inf
inf
inf
inf
inf
inf
inf
inf
inf
inf
inf
inf
inf
inf
inf
inf
inf
inf
inf
inf
inf
inf
inf
inf
inf
inf
inf
inf
inf
inf
inf
inf
inf
inf
inf
inf
inf
inf
inf
inf
inf
inf
inf
inf
inf
inf
inf
inf
inf
inf
inf
inf
inf
inf
inf
inf
inf
inf
inf
inf
inf
inf
inf
inf
inf
inf
inf
inf
inf
inf
inf
inf
inf
inf
inf
inf
inf
inf
inf
inf
inf
inf
inf
inf
inf
inf
inf
inf
inf
inf
inf
inf
inf
inf
inf
inf
inf
inf
inf
inf
inf
inf
inf
inf
inf
inf
inf
inf
inf
inf
inf
inf
inf
inf
inf
inf
inf
inf
inf
inf
inf
inf
inf
inf
inf
inf
inf
inf
inf
inf
inf
inf
inf
inf
inf
inf
inf
inf
inf
inf
inf
inf
inf
inf
inf
inf
inf
inf
inf
inf
inf
inf
inf
inf
inf
inf
inf
inf
inf
inf
inf
inf
inf
inf
inf
inf
inf
inf
inf
inf
inf
inf
inf
inf
inf
inf
inf
inf
inf
inf
inf
inf
inf
inf
inf
inf
inf
inf
inf
inf
inf
inf
inf
inf
inf
inf
inf
inf
inf
inf
inf
inf
inf
inf
inf
inf
inf
inf
inf
inf
inf
inf
inf
inf
inf
inf
inf
inf
inf
inf
inf
inf
inf
inf
inf
inf
inf
inf
inf
inf
inf
inf
inf
inf
inf
inf
inf
inf
inf
inf
inf
inf
inf
inf
inf
inf
inf
inf
inf
inf
inf
inf
inf
inf
inf
inf
inf
inf
inf
inf
inf
inf
inf
inf
inf
inf
inf
inf
inf
inf
inf
inf
inf
inf
inf
inf
inf
inf
inf
inf
inf
inf
inf
inf
inf
inf
inf
inf
inf
inf
inf
inf
inf
inf
inf
inf
inf
inf
inf
inf
inf
inf
inf
inf
inf
inf
inf
inf
inf
inf
inf
inf
inf
inf
inf
inf
inf
inf
inf
inf
inf
inf
inf
inf
inf
inf
inf
inf
inf
inf
inf
inf
inf
inf
inf
inf
inf
inf
inf
inf
inf
inf
inf
inf
inf
inf
inf
inf
inf
inf
inf
inf
inf
inf
inf
inf
inf
inf
inf
inf
inf
inf
inf
inf
inf
inf
inf
inf
inf
inf
inf
inf
inf
inf
inf
inf
inf
inf
inf
inf
inf
inf
inf
inf
inf
inf
inf
inf
inf
inf
inf
inf
inf
inf
inf
inf
inf
inf
inf
inf
inf
inf
inf
inf
inf
inf
inf
inf
inf
inf
inf
inf
inf
inf
inf
inf
inf
inf
inf
inf
inf
inf
inf
inf
inf
inf
inf
inf
inf
inf
inf
inf
inf
inf
inf
inf
inf
inf
inf
inf
inf
inf
inf
inf
inf
inf
inf
inf
inf
inf
inf
inf
inf
inf
inf
inf
inf
inf
inf
inf
inf
inf
inf
inf
inf
inf
inf
inf
inf
inf
inf
inf
inf
inf
inf
inf
inf
inf
inf
inf
inf
inf
inf
inf
inf
inf
inf
inf
inf
inf
inf
inf
inf
inf
inf
inf
inf
inf
inf
inf
inf
inf
inf
inf
inf
inf
inf
inf
inf
inf
inf
inf
inf
inf
inf
inf
inf
inf
inf
inf
inf
inf
inf
inf
inf
inf
inf
inf
inf
inf
inf
inf
inf
inf
inf
inf
inf
inf
inf
inf
inf
inf
inf
inf
inf
inf
inf
inf
inf
inf
inf
inf
inf
inf
inf
inf
inf
inf
inf
inf
inf
inf
inf
inf
inf
inf
inf
inf
inf
inf
inf
inf
inf
inf
inf
inf
inf
inf
inf
inf
inf
inf
inf
inf
inf
inf
inf
inf
inf
inf
inf
inf
inf
inf
inf
inf
inf
inf
inf
inf
inf
inf
inf
inf
inf
inf
inf
inf
inf
inf
inf
inf
inf
inf
inf
inf
inf
inf
inf
inf
inf
inf
inf
inf
inf
inf
inf
inf
inf
inf
inf
inf
inf
inf
inf
inf
inf
inf
inf
inf
inf
inf
inf
inf
inf
inf
inf
inf
inf
inf
inf
inf
inf
inf
inf
inf
inf
inf
inf
inf
inf
inf
inf
inf
inf
inf
inf
inf
inf
inf
inf
inf
inf
inf
inf
inf
inf
inf
inf
inf
inf
inf
inf
inf
inf
inf
inf
inf
inf
inf
inf
inf
inf
inf
inf
inf
inf
inf
inf
inf
inf
inf
inf
inf
inf
inf
inf
inf
inf
inf
inf
inf
inf
inf
inf
inf
inf
inf
inf
inf
inf
inf
inf
inf
inf
inf
inf
inf
inf
inf
inf
inf
inf
inf
inf
inf
inf
inf
inf
inf
inf
inf
inf
inf
inf
inf
inf
inf
inf
inf
inf
inf
inf
inf
inf
inf
inf
inf
inf
inf
inf
inf
inf
inf
inf
inf
inf
inf
inf
inf
inf
inf
inf
inf
inf
inf
inf
inf
inf
inf
inf
inf
inf
inf
inf
inf
inf
inf
inf
inf
inf
inf
inf
inf
inf
inf
inf
inf
inf
inf
inf
inf
inf
inf
inf
inf
inf
inf
inf
inf
inf
inf
inf
inf
inf
inf
inf
inf
inf
inf
inf
inf
inf
inf
inf
inf
inf
inf
inf
inf
inf
inf
inf
inf
inf
inf
inf
inf
inf
inf
inf
inf
inf
inf
inf
inf
inf
inf
inf
inf
inf
inf
inf
inf
inf
inf
inf
inf
inf
inf
inf
inf
inf
inf
inf
inf
inf
inf
inf
inf
inf
inf
inf
inf
inf
inf
inf
inf
inf
inf
inf
inf
inf
inf
inf
inf
inf
inf
inf
inf
inf
inf
inf
inf
inf
inf
inf
inf
inf
inf
inf
inf
inf
inf
inf
inf
inf
inf
inf
inf
inf
inf
inf
inf
inf
inf
inf
inf
inf
inf
inf
inf
inf
inf
inf
inf
inf
inf
inf
inf
inf
inf
inf
inf
inf
inf
inf
inf
inf
inf
inf
inf
inf
inf
inf
inf
inf
inf
inf
inf
inf
inf
inf
inf
inf
inf
inf
inf
inf
inf
inf
inf
inf
inf
inf
inf
inf
inf
inf
inf
inf
inf
inf
inf
inf
inf
inf
inf
inf
inf
inf
inf
inf
inf
inf
inf
inf
inf
inf
inf
inf
inf
inf
inf
inf
inf
inf
inf
inf
inf
inf
inf
inf
inf
inf
inf
inf
inf
inf
inf
inf
inf
inf
inf
inf
inf
inf
inf
inf
inf
inf
inf
inf
inf
inf
inf
inf
inf
inf
inf
inf
inf
inf
inf
inf
inf
inf
inf
inf
inf
inf
inf
inf
inf
inf
inf
inf
inf
inf
inf
inf
inf
inf
inf
inf
inf
inf
inf
inf
inf
inf
inf
inf
inf
inf
inf
inf
inf
inf
inf
inf
inf
inf
inf
inf
inf
inf
inf
inf
inf
inf
inf
inf
inf
inf
inf
inf
inf
inf
inf
inf
inf
inf
inf
inf
inf
inf
inf
inf
inf
inf
inf
inf
inf
inf
inf
inf
inf
inf
inf
inf
inf
inf
inf
inf
inf
inf
inf
inf
inf
inf
inf
inf
inf
inf
inf
inf
inf
inf
inf
inf
inf
inf
inf
inf
inf
inf
inf
inf
inf
inf
inf
inf
inf
inf
inf
inf
inf
inf
inf
inf
inf
inf
inf
inf
inf
inf
inf
inf
inf
inf
inf
inf
inf
inf
inf
inf
inf
inf
inf
inf
inf
inf
inf
inf
inf
inf
inf
inf
inf
inf
inf
inf
inf
inf
inf
inf
inf
inf
inf
inf
inf
inf
inf
inf
inf
inf
inf
inf
inf
inf
inf
inf
inf
inf
inf
inf
inf
inf
inf
inf
inf
inf
inf
inf
inf
inf
inf
inf
inf
inf
inf
inf
inf
inf
inf
inf
inf
inf
inf
inf
inf
inf
inf
inf
inf
inf
inf
inf
inf
inf
inf
inf
inf
inf
inf
inf
inf
inf
inf
inf
inf
inf
inf
inf
inf
inf
inf
inf
inf
inf
inf
inf
inf
inf
inf
inf
inf
inf
inf
inf
inf
inf
inf
inf
inf
inf
inf
inf
inf
inf
inf
inf
inf
inf
inf
inf
inf
inf
inf
inf
inf
inf
inf
inf
inf
inf
inf
inf
inf
inf
inf
inf
inf
inf
inf
inf
inf
inf
inf
inf
inf
inf
inf
inf
inf
inf
inf
inf
inf
inf
inf
inf
inf
inf
inf
inf
inf
inf
inf
inf
inf
inf
inf
inf
inf
inf
inf
inf
inf
inf
inf
inf
inf
inf
inf
inf
inf
inf
inf
inf
inf
inf
inf
inf
inf
inf
inf
inf
inf
inf
inf
inf
inf
inf
inf
inf
inf
inf
inf
inf
inf
inf
inf
inf
inf
inf
inf
inf
inf
inf
inf
inf
inf
inf
inf
inf
inf
inf
inf
inf
inf
inf
inf
inf
inf
inf
inf
inf
inf
inf
inf
inf
inf
inf
inf
inf
inf
inf
inf
inf
inf
inf
inf
inf
inf
inf
inf
inf
inf
inf
inf
inf
inf
inf
inf
inf
inf
inf
inf
inf
inf
inf
inf
inf
inf
inf
inf
inf
inf
inf
inf
inf
inf
inf
inf
inf
inf
inf
inf
inf
inf
inf
inf
inf
inf
inf
inf
inf
inf
inf
inf
inf
inf
inf
inf
inf
inf
inf
inf
inf
inf
inf
inf
inf
inf
inf
inf
inf
inf
inf
inf
inf
inf
inf
inf
inf
inf
inf
inf
inf
inf
inf
inf
inf
inf
inf
inf
inf
inf
inf
inf
inf
inf
inf
inf
inf
inf
inf
inf
inf
inf
inf
inf
inf
inf
inf
inf
inf
inf
inf
inf
inf
inf
inf
inf
inf
inf
inf
inf
inf
inf
inf
inf
inf
inf
inf
inf
inf
inf
inf
inf
inf
inf
inf
inf
inf
inf
inf
inf
inf
inf
inf
inf
inf
inf
inf
inf
inf
inf
inf
inf
inf
inf
inf
inf
inf
inf
inf
inf
inf
inf
inf
inf
inf
inf
inf
inf
inf
inf
inf
inf
inf
inf
inf
inf
inf
inf
inf
inf
inf
inf
inf
inf
inf
inf
inf
inf
inf
inf
inf
inf
inf
inf
inf
inf
inf
inf
inf
inf
inf
inf
inf
inf
inf
inf
inf
inf
inf
inf
inf
inf
inf
inf
inf
inf
inf
inf
inf
inf
inf
inf
inf
inf
inf
inf
inf
inf
inf
inf
inf
inf
inf
inf
inf
inf
inf
inf
inf
inf
inf
inf
inf
inf
inf
inf
inf
inf
inf
inf
inf
inf
inf
inf
inf
inf
inf
inf
inf
inf
inf
inf
inf
inf
inf
inf
inf
inf
inf
inf
inf
inf
inf
inf
inf
inf
inf
inf
inf
inf
inf
inf
inf
inf
inf
inf
inf
inf
inf
inf
inf
inf
inf
inf
inf
inf
inf
inf
inf
inf
inf
inf
inf
inf
inf
inf
inf
inf
inf
inf
inf
inf
inf
inf
inf
inf
inf
inf
inf
inf
inf
inf
inf
inf
inf
inf
inf
inf
inf
inf
inf
inf
inf
inf
inf
inf
inf
inf
inf
inf
inf
inf
inf
inf
inf
inf
inf
inf
inf
inf
inf
inf
inf
inf
inf
inf
inf
inf
inf
inf
inf
inf
inf
inf
inf
inf
inf
inf
inf
inf
inf
inf
inf
inf
inf
inf
inf
inf
inf
inf
inf
inf
inf
inf
inf
inf
inf
inf
inf
inf
inf
inf
inf
inf
inf
inf
inf
inf
inf
inf
inf
inf
inf
inf
inf
inf
inf
inf
inf
inf
inf
inf
inf
inf
inf
inf
inf
inf
inf
inf
inf
inf
inf
inf
inf
inf
inf
inf
inf
inf
inf
inf
inf
inf
inf
inf
inf
inf
inf
inf
inf
inf
inf
inf
inf
inf
inf
inf
inf
inf
inf
inf
inf
inf
inf
inf
inf
inf
inf
inf
inf
inf
inf
inf
inf
inf
inf
inf
inf
inf
inf
inf
inf
inf
inf
inf
inf
inf
inf
inf
inf
inf
inf
inf
inf
inf
inf
inf
inf
inf
inf
inf
inf
inf
inf
inf
inf
inf
inf
inf
inf
inf
inf
inf
inf
inf
inf
inf
inf
inf
inf
inf
inf
inf
inf
inf
inf
inf
inf
inf
inf
inf
inf
inf
inf
inf
inf
inf
inf
inf
inf
inf
inf
inf
inf
inf
inf
inf
inf
inf
inf
inf
inf
inf
inf
inf
inf
inf
inf
inf
inf
inf
inf
inf
inf
inf
inf
inf
inf
inf
inf
inf
inf
inf
inf
inf
inf
inf
inf
inf
inf
inf
inf
inf
inf
inf
inf
inf
inf
inf
inf
inf
inf
inf
inf
inf
inf
inf
inf
inf
inf
inf
inf
inf
inf
inf
inf
inf
inf
inf
inf
inf
inf
inf
inf
inf
inf
inf
inf
inf
inf
inf
inf
inf
inf
inf
inf
inf
inf
inf
inf
inf
inf
inf
inf
inf
inf
inf
inf
inf
inf
inf
inf
inf
inf
inf
inf
inf
inf
inf
inf
inf
inf
inf
inf
inf
inf
inf
inf
inf
inf
inf
inf
inf
inf
inf
inf
inf
inf
inf
inf
inf
inf
inf
inf
inf
inf
inf
inf
inf
inf
inf
inf
inf
inf
inf
inf
inf
inf
inf
inf
inf
inf
inf
inf
inf
inf
inf
inf
inf
inf
inf
inf
inf
inf
inf
inf
inf
inf
inf
inf
inf
inf
inf
inf
inf
inf
inf
inf
inf
inf
inf
inf
inf
inf
inf
inf
inf
inf
inf
inf
inf
inf
inf
inf
inf
inf
inf
inf
inf
inf
inf
inf
inf
inf
inf
inf
inf
inf
inf
inf
inf
inf
inf
inf
inf
inf
inf
inf
inf
inf
inf
inf
inf
inf
inf
inf
inf
inf
inf
inf
inf
inf
inf
inf
inf
inf
inf
inf
inf
inf
inf
inf
inf
inf
inf
inf
inf
inf
inf
inf
inf
inf
inf
inf
inf
inf
inf
inf
inf
inf
inf
inf
inf
inf
inf
inf
inf
inf
inf
inf
inf
inf
inf
inf
inf
inf
inf
inf
inf
inf
inf
inf
inf
inf
inf
inf
inf
inf
inf
inf
inf
inf
inf
inf
inf
inf
inf
inf
inf
inf
inf
inf
inf
inf
inf
inf
inf
inf
inf
inf
inf
inf
inf
inf
inf
inf
inf
inf
inf
inf
inf
inf
inf
inf
inf
inf
inf
inf
inf
inf
inf
inf
inf
inf
inf
inf
inf
inf
inf
inf
inf
inf
inf
inf
inf
inf
inf
inf
inf
inf
inf
inf
inf
inf
inf
inf
inf
inf
inf
inf
inf
inf
inf
inf
inf
inf
inf
inf
inf
inf
inf
inf
inf
inf
inf
inf
inf
inf
inf
inf
inf
inf
inf
inf
inf
inf
inf
inf
inf
inf
inf
inf
inf
inf
inf
inf
inf
inf
inf
inf
inf
inf
inf
inf
inf
inf
inf
inf
inf
inf
inf
inf
inf
inf
inf
inf
inf
inf
inf
inf
inf
inf
inf
inf
inf
inf
inf
inf
inf
inf
inf
inf
inf
inf
inf
inf
inf
inf
inf
inf
inf
inf
inf
inf
inf
inf
inf
inf
inf
inf
inf
inf
inf
inf
inf
inf
inf
inf
inf
inf
inf
inf
inf
inf
inf
inf
inf
inf
inf
inf
inf
inf
inf
inf
inf
inf
inf
inf
inf
inf
inf
inf
inf
inf
inf
inf
inf
inf
inf
inf
inf
inf
inf
inf
inf
inf
inf
inf
inf
inf
inf
inf
inf
inf
inf
inf
inf
inf
inf
inf
inf
inf
inf
inf
inf
inf
inf
inf
inf
inf
inf
inf
inf
inf
inf
inf
inf
inf
inf
inf
inf
inf
inf
inf
inf
inf
inf
inf
inf
inf
inf
inf
inf
inf
inf
inf
inf
inf
inf
inf
inf
inf
inf
inf
inf
inf
inf
inf
inf
inf
inf
inf
inf
inf
inf
inf
inf
inf
inf
inf
inf
inf
inf
inf
inf
inf
inf
inf
inf
inf
inf
inf
inf
inf
inf
inf
inf
inf
inf
inf
inf
inf
inf
inf
inf
inf
inf
inf
inf
inf
inf
inf
inf
inf
inf
inf
inf
inf
inf
inf
inf
inf
inf
inf
inf
inf
inf
inf
inf
inf
inf
inf
inf
inf
inf
inf
inf
inf
inf
inf
inf
inf
inf
inf
inf
inf
inf
inf
inf
inf
inf
inf
inf
inf
inf
inf
inf
inf
inf
inf
inf
inf
inf
inf
inf
inf
inf
inf
inf
inf
inf
inf
inf
inf
inf
inf
inf
inf
inf
inf
inf
inf
inf
inf
inf
inf
inf
inf
inf
inf
inf
inf
inf
inf
inf
inf
inf
inf
inf
inf
inf
inf
inf
inf
inf
inf
inf
inf
inf
inf
inf
inf
inf
inf
inf
inf
inf
inf
inf
inf
inf
inf
inf
inf
inf
inf
inf
inf
inf
inf
inf
inf
inf
inf
inf
inf
inf
inf
inf
inf
inf
inf
inf
inf
inf
inf
inf
inf
inf
inf
inf
inf
inf
inf
inf
inf
inf
inf
inf
inf
inf
inf
inf
inf
inf
inf
inf
inf
inf
inf
inf
inf
inf
inf
inf
inf
inf
inf
inf
inf
inf
inf
inf
inf
inf
inf
inf
inf
inf
inf
inf
inf
inf
inf
inf
inf
inf
inf
inf
inf
inf
inf
inf
inf
inf
inf
inf
inf
inf
inf
inf
inf
inf
inf
inf
inf
inf
inf
inf
inf
inf
inf
inf
inf
inf
inf
inf
inf
inf
inf
inf
inf
inf
inf
inf
inf
inf
inf
inf
inf
inf
inf
inf
inf
inf
inf
inf
inf
inf
inf
inf
inf
inf
inf
inf
inf
inf
inf
inf
inf
inf
inf
inf
inf
inf
inf
inf
inf
inf
inf
inf
inf
inf
inf
inf
inf
inf
inf
inf
inf
inf
inf
inf
inf
inf
inf
inf
inf
inf
inf
inf
inf
inf
inf
inf
inf
inf
inf
inf
inf
inf
inf
inf
inf
inf
inf
inf
inf
inf
inf
inf
inf
inf
inf
inf
inf
inf
inf
inf
inf
inf
inf
inf
inf
inf
inf
inf
inf
inf
inf
inf
inf
inf
inf
inf
inf
inf
inf
inf
inf
inf
inf
inf
inf
inf
inf
inf
inf
inf
inf
inf
inf
inf
inf
inf
inf
inf
inf
inf
inf
inf
inf
inf
inf
inf
inf
inf
inf
inf
inf
inf
inf
inf
inf
inf
inf
inf
inf
inf
inf
inf
inf
inf
inf
inf
inf
inf
inf
inf
inf
inf
inf
inf
inf
