
Dual Residual: 
1
12649.1
4876.27
5354.37
2418.52
0.670225
1.17414
0.963842
0.323077
0.184747
0.287049
0.171988
0.0241383
0.0579067
0.0602929
0.0274437
0.00265617
0.0144882
0.011722
0.00399113
0.00166016
0.00326519
0.00218571
0.000503357
0.000526388
0.000699223
0.000394354
4.21069e-05
0.00013963
0.000145011
6.82696e-05
3.71092e-06
3.40849e-05
2.92335e-05
1.10818e-05
3.17787e-06
7.88955e-06
5.71242e-06
1.60639e-06
1.13113e-06
1.75468e-06
1.09086e-06
3.31954e-07
3.27049e-07
4.03645e-07
4.09965e-07
68.0936
142.006
172.865
163.026
122.606
65.8807
9.28036
41.7384
71.9173
81.8485
73.5204
52.2873
25.2234
6.54769
24.1766
36.044
38.6078
33.1433
22.4688
10.4927
7.10093
14.0452
18.3745
18.637
15.5563
10.7139
6.64718
6.71611
9.00013
10.3312
10.0972
8.69976
7.02583
6.12938
6.35832
6.97043
7.27205
7.10069
6.64933
6.24165
6.09802
6.18777
6.32724
6.37543
6.31111
6.19887
6.11695
6.09922
6.12544
6.15414
6.15887
6.14019
6.11523
5.48643
3.93619
1.99122
0.4031
1.62308
2.53745
2.77595
2.4177
1.65362
0.726557
0.26786
0.884902
1.24396
1.28751
1.06754
0.681217
0.246674
0.19287
0.466254
0.601157
0.590764
0.465524
0.273954
0.0751448
0.123385
0.23931
0.286792
0.268178
0.20023
0.106824
0.0213851
0.0725581
0.120269
0.1352
0.120419
0.084794
0.0399551
0.0105107
0.0403482
0.0593891
0.0630237
0.0534615
0.0352647
0.0140765
0.00781762
0.0215706
0.0288845
0.0290613
0.0234506
0.0143497
0.00452966
0.00526778
0.0111972
0.01386
0.0132578
0.0101525
0.00568149
0.00129572
0.00320609
0.00567928
0.00656918
0.00598333
0.00433146
0.0021699
0.000447673
0.00182458
0.00282626
0.00307794
0.00267048
