
Objective value: 
300000
184463
57430.7
2.46414e-08
1.94446e-07
2.16884e-07
2.42458e-07
2.71736e-07
3.05407e-07
3.44349e-07
3.89669e-07
4.42736e-07
5.05221e-07
5.79154e-09
6.66996e-09
7.71739e-09
8.97016e-09
1.04724e-08
1.22774e-08
1.44499e-08
1.70679e-08
2.02266e-08
2.4042e-08
2.86579e-08
3.42561e-08
4.10731e-08
4.9429e-08
5.97791e-08
7.28055e-08
8.95808e-08
1.11859e-07
1.42587e-07
1.86773e-07
2.52944e-07
3.55493e-07
5.18418e-07
7.81353e-07
1.21073e-06
1.92692e-06
3.35977e-06
6.68838e-06
1.55856e-07
6.64528e-07
4.73448e-06
9.88337e-06
1558
4892.8
8958.35
12785.8
15652.1
17170
17298.4
16281.8
14545
12571.9
10796.9
9527.94
8910.13
8929.35
9446.88
10252.1
11118.9
11854.3
12329.8
12495
12371.4
12034
11585.6
11130.6
10753.8
10507.6
10407.5
10436.9
10556.6
10717.1
10870.6
10980.4
11025.9
11003.2
10923.2
10805.8
10674.5
10550.9
10450.7
10381.8
10344.3
10331.8
10334.5
10341.3
10342.6
10331.7
10305.7
10265.5
10214.5
10157.5
10099.7
10045.3
9997.12
9956.02
9927.59
9919.32
9928.85
9950.69
9978.03
10004.3
10024.5
10035.7
10037.5
10031.5
10020.4
10007.4
9995.55
9986.95
9982.68
9982.73
9986.22
9991.77
9997.86
10003.2
10006.8
10008.3
10007.9
10005.9
10003.2
10000.4
9998.06
9996.58
9996.08
9996.46
9997.48
9998.79
10000.1
10001.1
10001.7
10001.8
10001.6
10001.1
10000.4
9999.84
9999.4
9999.17
9999.15
9999.31
9999.57
9999.87
10000.1
10000.3
10000.4
10000.4
10000.3
10000.2
10000
9999.92
9999.84
9999.81
9999.82
9999.87
9999.93
10000
10000
10000.1
10000.1
10000.1
10000.1
10000
9999.99
9999.97
9999.96
