
Primal Residual: 
116.619
2715.32
1624.94
427.688
113.18
113.147
113.138
113.139
113.138
113.137
113.137
113.137
113.137
113.137
113.137
113.137
113.137
113.137
113.137
113.137
113.137
113.137
113.137
113.137
113.137
113.137
113.137
113.137
113.137
113.137
113.137
113.137
113.137
113.137
113.137
113.137
113.137
113.137
113.137
113.137
113.137
113.137
113.137
113.137
113.137
113.137
97.9869
66.2565
27.6245
8.80581
36.1868
50.8546
52.4181
43.1853
27.162
8.91099
7.47204
19.0841
24.5569
24.0237
18.7925
10.849
2.32439
4.96016
9.79577
11.7051
10.8915
8.0624
4.18659
0.248633
2.95146
4.92125
5.51282
4.88352
3.40337
1.53858
0.260967
1.64841
2.42869
2.56717
2.16452
1.4095
0.52358
0.28987
0.882657
1.18035
1.18244
0.947623
0.570244
0.154292
0.209329
0.458359
0.565912
0.538771
0.409305
0.223871
0.0307492
0.129898
0.232436
0.522076
1.35482
1.77191
1.76163
1.40799
0.848478
0.253513
0.339349
0.6932
0.846367
0.801975
0.607784
0.333653
0.0715034
0.203441
0.350203
0.400242
0.361179
0.258522
0.12638
0.028274
0.114618
0.173706
0.18713
0.160851
0.108075
0.045358
0.0205427
0.0618571
0.0848143
0.0865398
0.0707923
0.0442569
0.0150147
0.0143136
0.032342
0.0408403
0.0395938
0.0307607
0.0176646
0.00442296
0.00891866
0.0164989
0.0194195
0.0179214
0.013178
0.00681994
0.00133737
0.00515496
0.00825016
0.0091266
0.00802302
0.00555512
0.00251558
0.000802731
0.00283268
0.00405649
0.00424181
0.00355066
0.00229773
0.000868049
0.000589427
0.00150122
0.00196547
0.00195032
0.00155217
0.000928706
0.000270734
0.000384889
