Gen#	Conn.	MW
1	1	0.497255
2	4	0.497255
3	6	0.497255
4	8	0.497255
5	10	2.34332e-05
6	12	0.0156552
7	15	0.497255
8	18	0.497255
9	19	0.497255
10	24	0.497255
11	25	2.97945e-05
12	26	3.10455e-05
13	27	0.497255
14	31	0.285206
15	32	0.497255
16	34	0.497255
17	36	0.497255
18	40	0.497255
19	42	0.497255
20	46	0.121509
21	49	-2.82424e-05
22	54	0.630973
23	55	0.497255
24	56	0.497255
25	59	4.44517e-05
26	61	7.38161e-05
27	62	0.497255
28	65	4.37526e-05
29	66	4.3194e-05
30	69	1.01261e-05
31	70	0.497255
32	72	0.497255
33	73	0.497255
34	74	0.497255
35	76	0.497255
36	77	0.497255
37	80	1.89366e-05
38	85	0.497255
39	87	0.0590639
40	89	7.56011e-05
41	90	0.497255
42	91	0.497255
43	92	0.497255
44	99	0.497255
45	100	3.08042e-05
46	103	0.69999
47	104	0.497255
48	105	0.497255
49	107	0.497255
50	110	0.497255
51	111	0.679963
52	112	0.497255
53	113	0.497255
54	116	0.497255
T.line#	From	To	From MW	To MW
1	1	2	-0.0609258	0.0609258
2	1	3	-0.0567454	0.0567454
3	2	12	0.0412737	-0.0412737
4	3	5	0.210058	-0.210058
5	3	12	-0.00720898	0.00720898
6	4	5	0.011222	-0.011222
7	4	11	-0.338867	0.338867
8	5	6	-0.193231	0.193231
9	8	5	-0.594933	0.594933
10	5	11	-0.343408	0.343408
11	6	7	-0.300876	0.300876
12	7	12	-0.208669	0.208669
13	8	9	0.130407	-0.130407
14	8	30	-0.163114	0.163114
15	9	10	0.0652154	-0.0652154
16	11	12	-0.0255114	0.0255114
17	11	13	-0.119752	0.119752
18	12	14	0.0503451	-0.0503451
19	12	16	0.0453081	-0.0453081
20	12	117	-0.134804	0.134804
21	13	15	0.122458	-0.122458
22	14	15	0.0925551	-0.0925551
23	15	17	0.406285	-0.406285
24	15	19	0.211201	-0.211201
25	15	33	-0.227884	0.227884
26	16	17	0.197519	-0.197519
27	17	18	-0.0808415	0.0808415
28	30	17	0.207082	-0.207082
29	17	31	0.109013	-0.109013
30	17	113	0.664559	-0.664559
31	18	19	-0.10847	0.10847
32	19	20	0.0643372	-0.0643372
33	19	34	-0.20442	0.20442
34	20	21	0.146559	-0.146559
35	21	22	0.188782	-0.188782
36	22	23	0.191007	-0.191007
37	23	24	0.556921	-0.556921
38	23	25	-0.241189	0.241189
39	23	32	-0.217682	0.217682
40	24	70	-0.219637	0.219637
41	24	72	0.148943	-0.148943
42	26	25	0.31822	-0.31822
43	25	27	-0.053367	0.053367
44	26	30	-0.416029	0.416029
45	27	28	-0.131968	0.131968
46	27	32	0.0385068	-0.0385068
47	27	115	-0.0327146	0.0327146
48	28	29	-0.0597453	0.0597453
49	29	31	0.0824768	-0.0824768
50	30	38	-0.916599	0.916599
51	31	32	0.173321	-0.173321
52	32	113	-0.069524	0.069524
53	32	114	-0.0717318	0.0717318
54	33	37	-0.0956616	0.0956616
55	34	36	0.0879671	-0.0879671
56	34	37	0.0289834	-0.0289834
57	34	43	-0.42417	0.42417
58	35	36	0.229651	-0.229651
59	35	37	0.00257715	-0.00257715
60	38	37	-0.0541712	0.0541712
61	37	39	-0.188711	0.188711
62	37	40	-0.125107	0.125107
63	38	65	-0.9602	0.9602
64	39	40	-0.016481	0.016481
65	40	41	-0.416763	0.416763
66	40	42	-0.217618	0.217618
67	41	42	-0.144531	0.144531
68	42	49	-0.342467	0.342467
69	42	49	-0.342467	0.342467
70	43	44	-0.341939	0.341939
71	44	45	-0.279701	0.279701
72	45	46	0.0704414	-0.0704414
73	45	49	0.0495104	-0.0495104
74	46	47	0.0889806	-0.0889806
75	46	48	-0.02298	0.02298
76	47	49	-0.186083	0.186083
77	47	69	0.48472	-0.48472
78	48	49	0.0792614	-0.0792614
79	49	50	-0.249598	0.249598
80	49	51	-0.305297	0.305297
81	49	54	-0.197972	0.197972
82	49	54	-0.196611	0.196611
83	49	66	0.32682	-0.32682
84	49	66	0.32682	-0.32682
86	50	57	-0.177357	0.177357
87	51	52	-0.159734	0.159734
88	51	58	-0.105909	0.105909
89	52	53	-0.0774929	0.0774929
90	53	54	0.0547492	-0.0547492
91	54	55	-0.0138975	0.0138975
92	54	56	-0.0126759	0.0126759
93	54	59	-0.0749194	0.0749194
94	55	56	0.0313968	-0.0313968
95	55	59	-0.0754898	0.0754898
96	56	57	0.155118	-0.155118
97	56	58	0.0836692	-0.0836692
98	56	59	-0.0673185	0.0673185
99	56	59	-0.0706999	0.0706999
100	59	60	0.333171	-0.333171
101	59	61	0.391869	-0.391869
102	63	59	-1.4632	1.4632
103	60	61	0.771706	-0.771706
104	60	62	0.21112	-0.21112
105	61	62	0.0332635	-0.0332635
106	64	61	-0.967308	0.967308
107	62	66	0.203353	-0.203353
108	62	67	0.11826	-0.11826
109	63	64	1.39802	-1.39802
110	64	65	2.26757	-2.26757
111	65	66	-1.31935	1.31935
112	65	68	2.46375	-2.46375
113	66	67	-0.300502	0.300502
114	68	69	0.758954	-0.758954
115	68	81	1.01202	-1.01202
116	68	116	0.562428	-0.562428
117	69	70	0.638293	-0.638293
118	69	75	0.19297	-0.19297
119	69	77	0.216885	-0.216885
120	70	71	1.10627	-1.10627
121	70	74	-0.345053	0.345053
122	70	75	-0.40793	0.40793
123	71	72	0.446079	-0.446079
124	71	73	0.562431	-0.562431
125	74	75	-0.292658	0.292658
126	75	77	-0.00794832	0.00794832
127	75	118	-0.225192	0.225192
128	76	77	0.0594458	-0.0594458
129	76	118	-0.00704756	0.00704756
130	77	78	-0.690049	0.690049
131	77	80	0.0955729	-0.0955729
132	77	80	0.0456596	-0.0456596
133	77	82	0.636652	-0.636652
134	78	79	-0.0778105	0.0778105
135	79	80	0.214429	-0.214429
136	81	80	0.946846	-0.946846
137	80	96	0.385038	-0.385038
138	80	97	0.359827	-0.359827
139	80	98	0.606542	-0.606542
140	80	99	0.925206	-0.925206
141	82	83	0.657461	-0.657461
142	82	96	0.388845	-0.388845
143	83	84	0.310469	-0.310469
144	83	85	0.416648	-0.416648
145	84	85	0.322712	-0.322712
146	85	86	0.0119897	-0.0119897
147	85	88	0.0423316	-0.0423316
148	85	89	0.199686	-0.199686
149	86	87	0.124234	-0.124234
150	88	89	0.424576	-0.424576
151	89	90	0.0723332	-0.0723332
152	89	90	0.136414	-0.136414
153	89	92	0.141964	-0.141964
154	89	92	0.0453793	-0.0453793
155	90	91	0.328567	-0.328567
156	91	92	-0.266443	0.266443
157	92	93	-0.245522	0.245522
158	92	94	-0.235173	0.235173
159	92	100	0.13722	-0.13722
160	92	102	0.123854	-0.123854
161	93	94	-0.223278	0.223278
162	94	95	-0.890062	0.890062
163	94	96	-0.802609	0.802609
164	94	100	1.33871	-1.33871
165	95	96	-0.56782	0.56782
166	96	97	-0.412066	0.412066
167	98	100	0.848782	-0.848782
168	99	100	0.330193	-0.330193
169	100	101	-0.198344	0.198344
170	100	103	1.84864	-1.84864
171	100	104	0.581598	-0.581598
172	100	106	0.467126	-0.467126
173	101	102	-0.0760991	0.0760991
174	103	104	0.136404	-0.136404
175	103	105	0.234777	-0.234777
176	103	110	0.811958	-0.811958
177	104	105	0.437824	-0.437824
178	105	106	-0.515891	0.515891
179	105	107	0.0966971	-0.0966971
180	105	108	0.676448	-0.676448
181	106	107	0.250896	-0.250896
182	108	109	0.598695	-0.598695
183	109	110	0.580942	-0.580942
184	110	111	0.745131	-0.745131
185	110	112	0.345008	-0.345008
186	114	115	-0.0895085	0.0895085
