Gen#	Conn.	MW
1	1	0.497255
2	4	0.497255
3	6	0.497255
4	8	0.497255
5	10	2.34424e-05
6	12	0.0155153
7	15	0.497255
8	18	0.497255
9	19	0.497255
10	24	0.497255
11	25	2.976e-05
12	26	3.1059e-05
13	27	0.497255
14	31	0.285173
15	32	0.497255
16	34	0.497255
17	36	0.497255
18	40	0.497255
19	42	0.497255
20	46	0.15014
21	49	-2.82385e-05
22	54	0.633893
23	55	0.497255
24	56	0.497255
25	59	4.447e-05
26	61	7.38518e-05
27	62	0.497255
28	65	4.3766e-05
29	66	4.32072e-05
30	69	1.0122e-05
31	70	0.497255
32	72	0.497255
33	73	0.497255
34	74	0.497255
35	76	0.497255
36	77	0.497255
37	80	1.89415e-05
38	85	0.497255
39	87	0.0590558
40	89	7.55942e-05
41	90	0.497255
42	91	0.497255
43	92	0.497255
44	99	0.497255
45	100	3.07886e-05
46	103	0.69999
47	104	0.497255
48	105	0.497255
49	107	0.497255
50	110	0.497255
51	111	0.679963
52	112	0.497255
53	113	0.497255
54	116	0.497255
T.line#	From	To	From MW	To MW
1	1	2	-0.0776909	0.0776909
2	1	3	-0.0396253	0.0396253
3	2	12	0.0247521	-0.0247521
4	3	5	0.248664	-0.248664
5	3	12	-0.0283594	0.0283594
6	4	5	0.0678766	-0.0678766
7	4	11	-0.395222	0.395222
9	8	5	-0.598469	0.598469
10	5	11	-0.412009	0.412009
11	6	7	-0.074818	0.074818
12	7	12	0.0176187	-0.0176187
13	8	9	0.130106	-0.130106
14	8	30	-0.158973	0.158973
15	9	10	0.0650645	-0.0650645
16	11	12	-0.162487	0.162487
17	11	13	-0.107346	0.107346
18	12	14	0.0761445	-0.0761445
19	12	16	0.0721322	-0.0721322
20	12	117	-0.134958	0.134958
21	13	15	0.135091	-0.135091
22	14	15	0.118579	-0.118579
23	15	17	0.412079	-0.412079
24	15	19	0.224357	-0.224357
25	15	33	-0.207677	0.207677
26	16	17	0.224567	-0.224567
27	17	18	-0.0776065	0.0776065
28	30	17	0.173465	-0.173465
29	17	31	0.107265	-0.107265
30	17	113	0.662795	-0.662795
31	18	19	-0.104952	0.104952
32	19	20	0.0616827	-0.0616827
33	19	34	-0.184668	0.184668
34	20	21	0.144113	-0.144113
35	21	22	0.186542	-0.186542
36	22	23	0.188971	-0.188971
37	23	24	0.544359	-0.544359
38	23	25	-0.233184	0.233184
39	23	32	-0.214827	0.214827
40	24	70	-0.225709	0.225709
41	24	72	0.142711	-0.142711
42	26	25	0.30829	-0.30829
43	25	27	-0.05502	0.05502
44	26	30	-0.405891	0.405891
45	27	28	-0.131914	0.131914
46	27	32	0.0376801	-0.0376801
47	27	115	-0.0331827	0.0331827
48	28	29	-0.0594848	0.0594848
49	29	31	0.082945	-0.082945
50	30	38	-0.868421	0.868421
51	31	32	0.17242	-0.17242
52	32	113	-0.0679718	0.0679718
53	32	114	-0.0716754	0.0716754
54	33	37	-0.0752474	0.0752474
55	34	36	0.0901068	-0.0901068
56	34	37	0.020739	-0.020739
57	34	43	-0.397921	0.397921
58	35	36	0.227249	-0.227249
59	35	37	0.00517417	-0.00517417
60	38	37	-0.022406	0.022406
61	37	39	-0.16529	0.16529
62	37	40	-0.1016	0.1016
63	38	65	-0.943591	0.943591
64	39	40	0.00713217	-0.00713217
65	40	41	-0.393209	0.393209
66	40	42	-0.193671	0.193671
67	41	42	-0.120788	0.120788
68	42	49	-0.318439	0.318439
69	42	49	-0.318439	0.318439
70	43	44	-0.315501	0.315501
71	44	45	-0.253085	0.253085
72	45	46	0.082374	-0.082374
73	45	49	0.0644266	-0.0644266
74	46	47	0.0678291	-0.0678291
75	46	48	-0.01824	0.01824
76	47	49	-0.12478	0.12478
77	47	69	0.402492	-0.402492
78	48	49	0.084172	-0.084172
79	49	50	-0.266704	0.266704
80	49	51	-0.326287	0.326287
81	49	54	-0.216021	0.216021
82	49	54	-0.214536	0.214536
83	49	66	0.227971	-0.227971
84	49	66	0.227971	-0.227971
85	49	69	0.369166	-0.369166
86	50	57	-0.194292	0.194292
87	51	52	-0.166776	0.166776
88	51	58	-0.119628	0.119628
89	52	53	-0.0843635	0.0843635
90	53	54	0.0480478	-0.0480478
91	54	55	-0.0130785	0.0130785
92	54	56	-0.0395673	0.0395673
93	54	59	-0.0939945	0.0939945
94	55	56	0.0523491	-0.0523491
95	55	59	-0.0953234	0.0953234
96	56	57	0.171879	-0.171879
97	56	58	0.0972149	-0.0972149
98	56	59	-0.0847704	0.0847704
99	56	59	-0.0890262	0.0890262
100	59	60	0.320716	-0.320716
101	59	61	0.378211	-0.378211
102	63	59	-1.41516	1.41516
103	60	61	0.756	-0.756
104	60	62	0.214598	-0.214598
105	61	62	0.0481848	-0.0481848
106	64	61	-0.923305	0.923305
107	62	66	0.212799	-0.212799
108	62	67	0.127552	-0.127552
109	63	64	1.3501	-1.3501
110	64	65	2.17582	-2.17582
111	65	66	-1.14095	1.14095
112	65	68	2.21049	-2.21049
113	66	67	-0.309963	0.309963
114	68	69	0.564285	-0.564285
115	68	81	0.953778	-0.953778
116	68	116	0.562313	-0.562313
117	69	70	0.650741	-0.650741
118	69	75	0.206656	-0.206656
119	69	77	0.250834	-0.250834
120	70	71	1.11202	-1.11202
121	70	74	-0.344619	0.344619
122	70	75	-0.407325	0.407325
123	71	72	0.452125	-0.452125
124	71	73	0.562311	-0.562311
125	74	75	-0.291991	0.291991
126	75	77	0.00062741	-0.00062741
127	75	118	-0.218465	0.218465
128	76	77	0.0665708	-0.0665708
129	76	118	-0.013946	0.013946
130	77	78	-0.67803	0.67803
131	77	80	0.120187	-0.120187
132	77	80	0.0559918	-0.0559918
133	77	82	0.63985	-0.63985
134	78	79	-0.0656237	0.0656237
135	79	80	0.226781	-0.226781
136	81	80	0.888718	-0.888718
137	80	96	0.382076	-0.382076
138	80	97	0.356743	-0.356743
139	80	98	0.604399	-0.604399
140	80	99	0.923129	-0.923129
141	82	83	0.656853	-0.656853
142	82	96	0.392869	-0.392869
143	83	84	0.310238	-0.310238
144	83	85	0.416485	-0.416485
145	84	85	0.322639	-0.322639
146	85	86	0.0117226	-0.0117226
147	85	88	0.0424662	-0.0424662
148	85	89	0.199949	-0.199949
149	86	87	0.124123	-0.124123
150	88	89	0.424866	-0.424866
151	89	90	0.072296	-0.072296
152	89	90	0.136324	-0.136324
153	89	92	0.14275	-0.14275
154	89	92	0.0456351	-0.0456351
155	90	91	0.328698	-0.328698
156	91	92	-0.266158	0.266158
157	92	93	-0.244938	0.244938
158	92	94	-0.234584	0.234584
159	92	100	0.137631	-0.137631
160	92	102	0.124063	-0.124063
161	93	94	-0.222538	0.222538
162	94	95	-0.889876	0.889876
163	94	96	-0.801424	0.801424
164	94	100	1.33898	-1.33898
165	95	96	-0.567474	0.567474
166	96	97	-0.409147	0.409147
167	98	100	0.846803	-0.846803
168	99	100	0.328276	-0.328276
169	100	101	-0.198863	0.198863
170	100	103	1.8473	-1.8473
171	100	104	0.581166	-0.581166
172	100	106	0.466727	-0.466727
173	101	102	-0.0764629	0.0764629
174	103	104	0.136131	-0.136131
175	103	105	0.234464	-0.234464
176	103	110	0.811509	-0.811509
177	104	105	0.437373	-0.437373
178	105	106	-0.515807	0.515807
179	105	107	0.0966061	-0.0966061
180	105	108	0.676046	-0.676046
181	106	107	0.250785	-0.250785
182	108	109	0.598443	-0.598443
183	109	110	0.580841	-0.580841
184	110	111	0.745032	-0.745032
185	110	112	0.344858	-0.344858
186	114	115	-0.0892465	0.0892465
