Gen#	Conn.	MW
1	1	0.497254
2	4	0.497254
3	6	0.497254
4	8	0.497254
5	10	2.34503e-05
6	12	0.0153957
7	15	0.497254
8	18	0.497254
9	19	0.497254
10	24	0.497254
11	25	2.97308e-05
12	26	3.10705e-05
13	27	0.497254
14	31	0.285145
15	32	0.497254
16	34	0.497254
17	36	0.497254
18	40	0.497254
19	42	0.497254
20	46	0.194217
21	49	-2.82352e-05
22	54	0.635967
23	55	0.497254
24	56	0.497254
25	59	4.44855e-05
26	61	7.3882e-05
27	62	0.497254
28	65	4.37773e-05
29	66	4.32184e-05
30	69	1.01186e-05
31	70	0.497254
32	72	0.497254
33	73	0.497254
34	74	0.497254
35	76	0.497254
36	77	0.497254
37	80	1.89456e-05
38	85	0.497254
39	87	0.0590489
40	89	7.55884e-05
41	90	0.497254
42	91	0.497254
43	92	0.497254
44	99	0.497254
45	100	3.07753e-05
46	103	0.69999
47	104	0.497254
48	105	0.497254
49	107	0.497254
50	110	0.497254
51	111	0.679963
52	112	0.497254
53	113	0.497254
54	116	0.497254
T.line#	From	To	From MW	To MW
1	1	2	-0.0588564	0.0588564
2	1	3	-0.0581261	0.0581261
3	2	12	0.0438075	-0.0438075
4	3	5	0.207237	-0.207237
5	3	12	-0.00513147	0.00513147
6	4	5	0.0164514	-0.0164514
7	4	11	-0.343536	0.343536
8	5	6	-0.192	0.192
9	8	5	-0.589954	0.589954
10	5	11	-0.336579	0.336579
11	6	7	-0.299098	0.299098
12	7	12	-0.206473	0.206473
13	8	9	0.129858	-0.129858
14	8	30	-0.166983	0.166983
15	9	10	0.0649415	-0.0649415
16	11	12	-0.025967	0.025967
17	11	13	-0.116442	0.116442
18	12	14	0.0544975	-0.0544975
19	12	16	0.0493424	-0.0493424
20	12	117	-0.135089	0.135089
21	13	15	0.12618	-0.12618
22	14	15	0.097132	-0.097132
23	15	17	0.400247	-0.400247
24	15	19	0.213445	-0.213445
25	15	33	-0.214824	0.214824
26	16	17	0.20197	-0.20197
27	17	18	-0.0761989	0.0761989
28	30	17	0.195869	-0.195869
29	17	31	0.10022	-0.10022
30	17	113	0.656859	-0.656859
31	18	19	-0.103281	0.103281
32	19	20	0.0591603	-0.0591603
33	19	34	-0.190972	0.190972
34	20	21	0.141775	-0.141775
35	21	22	0.184366	-0.184366
36	22	23	0.186944	-0.186944
37	23	24	0.530473	-0.530473
38	23	25	-0.228576	0.228576
39	23	32	-0.207304	0.207304
40	24	70	-0.232525	0.232525
41	24	72	0.135911	-0.135911
42	26	25	0.307353	-0.307353
43	25	27	-0.0511513	0.0511513
44	26	30	-0.404778	0.404778
45	27	28	-0.126062	0.126062
46	27	32	0.0363793	-0.0363793
47	27	115	-0.0335898	0.0335898
48	28	29	-0.0534974	0.0534974
49	29	31	0.08908	-0.08908
50	30	38	-0.897448	0.897448
51	31	32	0.171761	-0.171761
52	32	113	-0.0622251	0.0622251
53	32	114	-0.0715292	0.0715292
54	33	37	-0.0821507	0.0821507
55	34	36	0.0897088	-0.0897088
56	34	37	0.01821	-0.01821
57	34	43	-0.400702	0.400702
58	35	36	0.227251	-0.227251
59	35	37	0.00546725	-0.00546725
60	38	37	-0.0216566	0.0216566
61	37	39	-0.165663	0.165663
62	37	40	-0.109019	0.109019
63	38	65	-0.973095	0.973095
64	39	40	0.0070786	-0.0070786
65	40	41	-0.39593	0.39593
66	40	42	-0.197803	0.197803
67	41	42	-0.123189	0.123189
68	42	49	-0.321362	0.321362
69	42	49	-0.321362	0.321362
70	43	44	-0.317959	0.317959
71	44	45	-0.255212	0.255212
72	45	46	0.0919089	-0.0919089
73	45	49	0.0532543	-0.0532543
74	46	47	0.046608	-0.046608
75	46	48	-0.0309472	0.0309472
76	47	49	-0.138226	0.138226
77	47	69	0.395187	-0.395187
78	48	49	0.0718492	-0.0718492
79	49	50	-0.269308	0.269308
80	49	51	-0.328073	0.328073
81	49	54	-0.218265	0.218265
82	49	54	-0.216765	0.216765
83	49	66	0.214004	-0.214004
84	49	66	0.214004	-0.214004
85	49	69	0.364912	-0.364912
86	50	57	-0.196501	0.196501
87	51	52	-0.166861	0.166861
88	51	58	-0.120773	0.120773
89	52	53	-0.0840333	0.0840333
90	53	54	0.0488031	-0.0488031
91	54	55	-0.0142388	0.0142388
92	54	56	-0.0413454	0.0413454
93	54	59	-0.095737	0.095737
94	55	56	0.0529135	-0.0529135
95	55	59	-0.0963507	0.0963507
96	56	57	0.173674	-0.173674
97	56	58	0.0979381	-0.0979381
98	56	59	-0.0860449	0.0860449
99	56	59	-0.090361	0.090361
100	59	60	0.320049	-0.320049
101	59	61	0.377131	-0.377131
102	63	59	-1.41278	1.41278
103	60	61	0.755229	-0.755229
104	60	62	0.215245	-0.215245
105	61	62	0.0499967	-0.0499967
106	64	61	-0.92031	0.92031
107	62	66	0.214149	-0.214149
108	62	67	0.129443	-0.129443
109	63	64	1.34799	-1.34799
110	64	65	2.17109	-2.17109
111	65	66	-1.11749	1.11749
112	65	68	2.15336	-2.15336
113	66	67	-0.312235	0.312235
114	68	69	0.559154	-0.559154
115	68	81	0.902444	-0.902444
116	68	116	0.56209	-0.56209
117	69	70	0.655218	-0.655218
118	69	75	0.202041	-0.202041
119	69	77	0.235029	-0.235029
120	70	71	1.11817	-1.11817
121	70	74	-0.345808	0.345808
122	70	75	-0.413974	0.413974
123	71	72	0.458697	-0.458697
124	71	73	0.56214	-0.56214
125	74	75	-0.292779	0.292779
126	75	77	-0.00245387	0.00245387
127	75	118	-0.226878	0.226878
128	76	77	0.0589084	-0.0589084
129	76	118	-0.00583986	0.00583986
130	77	78	-0.676477	0.676477
131	77	80	0.114875	-0.114875
132	77	80	0.0530853	-0.0530853
133	77	82	0.620906	-0.620906
134	78	79	-0.0637648	0.0637648
135	79	80	0.228942	-0.228942
136	81	80	0.837602	-0.837602
137	80	96	0.371948	-0.371948
138	80	97	0.34674	-0.34674
139	80	98	0.586209	-0.586209
140	80	99	0.905296	-0.905296
141	82	83	0.647076	-0.647076
142	82	96	0.38408	-0.38408
143	83	84	0.306564	-0.306564
144	83	85	0.410734	-0.410734
145	84	85	0.31922	-0.31922
146	85	86	0.0113153	-0.0113153
147	85	88	0.0391138	-0.0391138
148	85	89	0.195108	-0.195108
149	86	87	0.123956	-0.123956
150	88	89	0.42175	-0.42175
151	89	90	0.0722378	-0.0722378
152	89	90	0.137728	-0.137728
153	89	92	0.133821	-0.133821
154	89	92	0.0457868	-0.0457868
155	90	91	0.330422	-0.330422
156	91	92	-0.264209	0.264209
157	92	93	-0.245753	0.245753
158	92	94	-0.232377	0.232377
159	92	100	0.133063	-0.133063
160	92	102	0.121124	-0.121124
161	93	94	-0.223108	0.223108
162	94	95	-0.874208	0.874208
163	94	96	-0.789286	0.789286
164	94	100	1.31332	-1.31332
165	95	96	-0.551541	0.551541
166	96	97	-0.399436	0.399436
167	98	100	0.828893	-0.828893
168	99	100	0.310685	-0.310685
169	100	101	-0.196365	0.196365
170	100	103	2.01843	-2.01843
171	100	104	0.469174	-0.469174
172	100	106	0.340116	-0.340116
173	101	102	-0.0737448	0.0737448
174	103	104	-0.0653829	0.0653829
175	103	105	-0.0352509	0.0352509
176	103	110	1.45427	-1.45427
177	104	105	0.124215	-0.124215
178	105	106	-0.405104	0.405104
179	105	107	0.11201	-0.11201
181	106	107	0.235127	-0.235127
182	108	109	-0.0449804	0.0449804
183	109	110	-0.0624479	0.0624479
184	110	111	0.744937	-0.744937
185	110	112	0.344717	-0.344717
186	114	115	-0.0889687	0.0889687
