Gen#	Conn.	MW
1	1	0.497255
2	4	0.497255
3	6	0.497255
4	8	0.497255
5	10	2.34458e-05
6	12	0.0154638
7	15	0.497255
8	18	0.497255
9	19	0.497255
10	24	0.497255
11	25	2.97474e-05
12	26	3.10639e-05
13	27	0.497255
14	31	0.285161
15	32	0.497255
16	34	0.497255
17	36	0.497255
18	40	0.497255
19	42	0.497255
20	46	0.176463
21	49	-2.82371e-05
22	54	0.634831
23	55	0.497255
24	56	0.497255
25	59	4.44767e-05
26	61	7.38648e-05
27	62	0.497255
28	65	4.37709e-05
29	66	4.3212e-05
30	69	1.01205e-05
31	70	0.497255
32	72	0.497255
33	73	0.497255
34	74	0.497255
35	76	0.497255
36	77	0.497255
37	80	1.89432e-05
38	85	0.497255
39	87	0.0590528
40	89	7.55917e-05
41	90	0.497255
42	91	0.497255
43	92	0.497255
44	99	0.497255
45	100	3.07829e-05
46	103	0.69999
47	104	0.497255
48	105	0.497255
49	107	0.497255
50	110	0.497255
51	111	0.679963
52	112	0.497255
53	113	0.497255
54	116	0.497255
T.line#	From	To	From MW	To MW
1	1	2	-0.0603946	0.0603946
2	1	3	-0.0568253	0.0568253
3	2	12	0.0421421	-0.0421421
4	3	5	0.209677	-0.209677
5	3	12	-0.00645823	0.00645823
6	4	5	-0.00491745	0.00491745
7	4	11	-0.322278	0.322278
8	5	6	-0.193504	0.193504
9	8	5	-0.560688	0.560688
10	5	11	-0.324849	0.324849
11	6	7	-0.300701	0.300701
12	7	12	-0.208157	0.208157
13	8	9	0.129958	-0.129958
14	8	30	-0.196459	0.196459
15	9	10	0.0649905	-0.0649905
16	11	12	-0.0770684	0.0770684
18	12	14	0.0215203	-0.0215203
19	12	16	0.0261335	-0.0261335
20	12	117	-0.135029	0.135029
21	13	15	0.275038	-0.275038
22	14	15	0.0640678	-0.0640678
23	15	17	0.465373	-0.465373
24	15	19	0.247968	-0.247968
25	15	33	-0.198856	0.198856
26	16	17	0.178682	-0.178682
27	17	18	-0.0926162	0.0926162
28	30	17	0.150606	-0.150606
29	17	31	0.107203	-0.107203
30	17	113	0.662707	-0.662707
31	18	19	-0.119793	0.119793
32	19	20	0.0647339	-0.0647339
33	19	34	-0.178695	0.178695
34	20	21	0.147294	-0.147294
35	21	22	0.189856	-0.189856
36	22	23	0.192418	-0.192418
37	23	24	0.544096	-0.544096
38	23	25	-0.229426	0.229426
39	23	32	-0.214647	0.214647
40	24	70	-0.225732	0.225732
41	24	72	0.142662	-0.142662
42	26	25	0.302871	-0.302871
43	25	27	-0.0565027	0.0565027
44	26	30	-0.400342	0.400342
45	27	28	-0.132238	0.132238
46	27	32	0.0372429	-0.0372429
47	27	115	-0.0336405	0.0336405
48	28	29	-0.0596776	0.0596776
49	29	31	0.0828824	-0.0828824
50	30	38	-0.87733	0.87733
51	31	32	0.172525	-0.172525
52	32	113	-0.0680107	0.0680107
53	32	114	-0.0714813	0.0714813
54	33	37	-0.0662951	0.0662951
55	34	36	0.0875099	-0.0875099
56	34	37	0.0263385	-0.0263385
57	34	43	-0.394666	0.394666
58	35	36	0.229658	-0.229658
59	35	37	0.00290735	-0.00290735
60	38	37	-0.0325873	0.0325873
61	37	39	-0.164027	0.164027
62	37	40	-0.100479	0.100479
63	38	65	-0.942177	0.942177
64	39	40	0.00854086	-0.00854086
65	40	41	-0.391791	0.391791
66	40	42	-0.192263	0.192263
67	41	42	-0.11922	0.11922
68	42	49	-0.316795	0.316795
69	42	49	-0.316795	0.316795
70	43	44	-0.312094	0.312094
71	44	45	-0.249516	0.249516
72	45	46	0.0901083	-0.0901083
73	45	49	0.0604819	-0.0604819
74	46	47	0.0569319	-0.0569319
75	46	48	-0.0256518	0.0256518
76	47	49	-0.130961	0.130961
77	47	69	0.398	-0.398
78	48	49	0.0769294	-0.0769294
79	49	50	-0.267877	0.267877
80	49	51	-0.327682	0.327682
81	49	54	-0.216936	0.216936
82	49	54	-0.215445	0.215445
83	49	66	0.224836	-0.224836
84	49	66	0.224836	-0.224836
85	49	69	0.366534	-0.366534
86	50	57	-0.195295	0.195295
87	51	52	-0.167172	0.167172
88	51	58	-0.1204	0.1204
89	52	53	-0.0845906	0.0845906
90	53	54	0.0479903	-0.0479903
91	54	55	-0.0141831	0.0141831
92	54	56	-0.0399058	0.0399058
93	54	59	-0.0949181	0.0949181
94	55	56	0.052234	-0.052234
95	55	59	-0.0960332	0.0960332
96	56	57	0.172713	-0.172713
97	56	58	0.0978185	-0.0978185
98	56	59	-0.0854734	0.0854734
99	56	59	-0.0897655	0.0897655
100	59	60	0.320969	-0.320969
101	59	61	0.378318	-0.378318
102	63	59	-1.41222	1.41222
103	60	61	0.756395	-0.756395
104	60	62	0.214682	-0.214682
105	61	62	0.0489811	-0.0489811
106	64	61	-0.923293	0.923293
107	62	66	0.213439	-0.213439
108	62	67	0.128133	-0.128133
109	63	64	1.34728	-1.34728
110	64	65	2.17315	-2.17315
111	65	66	-1.13647	1.13647
112	65	68	2.20503	-2.20503
113	66	67	-0.310715	0.310715
114	68	69	0.565699	-0.565699
115	68	81	0.947238	-0.947238
116	68	116	0.562201	-0.562201
117	69	70	0.649637	-0.649637
118	69	75	0.205231	-0.205231
119	69	77	0.248038	-0.248038
120	70	71	1.11165	-1.11165
121	70	74	-0.344751	0.344751
122	70	75	-0.407571	0.407571
123	71	72	0.452022	-0.452022
124	71	73	0.562205	-0.562205
125	74	75	-0.291901	0.291901
126	75	77	-2.29969e-05	2.29969e-05
127	75	118	-0.219058	0.219058
128	76	77	0.066375	-0.066375
129	76	118	-0.0135219	0.0135219
130	77	78	-0.680709	0.680709
131	77	80	0.122324	-0.122324
132	77	80	0.0558829	-0.0558829
133	77	82	0.637387	-0.637387
134	78	79	-0.0681233	0.0681233
135	79	80	0.224463	-0.224463
136	81	80	0.882293	-0.882293
137	80	96	0.380659	-0.380659
138	80	97	0.355329	-0.355329
139	80	98	0.602725	-0.602725
140	80	99	0.921512	-0.921512
141	82	83	0.655072	-0.655072
142	82	96	0.392429	-0.392429
143	83	84	0.309572	-0.309572
144	83	85	0.415617	-0.415617
145	84	85	0.322161	-0.322161
146	85	86	0.0114037	-0.0114037
147	85	88	0.0421633	-0.0421633
148	85	89	0.199663	-0.199663
149	86	87	0.123993	-0.123993
150	88	89	0.424753	-0.424753
151	89	90	0.0721901	-0.0721901
152	89	90	0.136134	-0.136134
153	89	92	0.143027	-0.143027
154	89	92	0.0456987	-0.0456987
155	90	91	0.328719	-0.328719
156	91	92	-0.265946	0.265946
157	92	93	-0.244462	0.244462
158	92	94	-0.233964	0.233964
159	92	100	0.137754	-0.137754
160	92	102	0.123966	-0.123966
161	93	94	-0.221872	0.221872
162	94	95	-0.888723	0.888723
163	94	96	-0.800041	0.800041
164	94	100	1.3381	-1.3381
165	95	96	-0.566135	0.566135
166	96	97	-0.407914	0.407914
167	98	100	0.845312	-0.845312
168	99	100	0.326845	-0.326845
169	100	101	-0.199145	0.199145
170	100	103	1.84579	-1.84579
171	100	104	0.580536	-0.580536
172	100	106	0.466102	-0.466102
173	101	102	-0.0765556	0.0765556
174	103	104	0.135957	-0.135957
175	103	105	0.234134	-0.234134
176	103	110	0.810888	-0.810888
177	104	105	0.436889	-0.436889
178	105	106	-0.515601	0.515601
179	105	107	0.0965115	-0.0965115
180	105	108	0.675569	-0.675569
181	106	107	0.250622	-0.250622
182	108	109	0.59816	-0.59816
183	109	110	0.580751	-0.580751
184	110	111	0.744902	-0.744902
185	110	112	0.344664	-0.344664
186	114	115	-0.0889204	0.0889204
