Gen#	Conn.	MW
1	1	0.497255
2	4	0.497255
3	6	0.497255
4	8	0.497255
5	10	2.34451e-05
6	12	0.0154759
7	15	0.497255
8	18	0.497255
9	19	0.497255
10	24	0.497255
11	25	2.97504e-05
12	26	3.10628e-05
13	27	0.497255
14	31	0.285164
15	32	0.497255
16	34	0.497255
17	36	0.497255
18	40	0.497255
19	42	0.497255
20	46	0.163801
21	49	-2.82374e-05
22	54	0.634617
23	55	0.497255
24	56	0.497255
25	59	4.44751e-05
26	61	7.38618e-05
27	62	0.497255
28	65	4.37697e-05
29	66	4.32109e-05
30	69	1.01209e-05
31	70	0.497255
32	72	0.497255
33	73	0.497255
34	74	0.497255
35	76	0.497255
36	77	0.497255
37	80	1.89428e-05
38	85	0.497255
39	87	0.0590535
40	89	7.55923e-05
41	90	0.497255
42	91	0.497255
43	92	0.497255
44	99	0.497255
45	100	3.07842e-05
46	103	0.69999
47	104	0.497255
48	105	0.497255
49	107	0.497255
50	110	0.497255
51	111	0.679963
52	112	0.497255
53	113	0.497255
54	116	0.497255
T.line#	From	To	From MW	To MW
1	1	2	-0.0608441	0.0608441
2	1	3	-0.0564542	0.0564542
3	2	12	0.0416308	-0.0416308
4	3	5	0.210534	-0.210534
5	3	12	-0.00702547	0.00702547
6	4	5	0.0118463	-0.0118463
7	4	11	-0.339126	0.339126
8	5	6	-0.19483	0.19483
9	8	5	-0.597272	0.597272
10	5	11	-0.342595	0.342595
11	6	7	-0.302112	0.302112
12	7	12	-0.209632	0.209632
13	8	9	0.130047	-0.130047
14	8	30	-0.160053	0.160053
15	9	10	0.0650353	-0.0650353
16	11	12	-0.0251809	0.0251809
17	11	13	-0.119072	0.119072
18	12	14	0.0513617	-0.0513617
19	12	16	0.0453801	-0.0453801
20	12	117	-0.134986	0.134986
21	13	15	0.12341	-0.12341
22	14	15	0.0938436	-0.0938436
23	15	17	0.400013	-0.400013
24	15	19	0.211417	-0.211417
25	15	33	-0.218964	0.218964
26	16	17	0.197862	-0.197862
27	17	18	-0.0782626	0.0782626
28	30	17	0.202818	-0.202818
29	17	31	0.102821	-0.102821
30	17	113	0.658605	-0.658605
31	18	19	-0.105534	0.105534
32	19	20	0.0581625	-0.0581625
33	19	34	-0.194559	0.194559
34	20	21	0.140651	-0.140651
35	21	22	0.18314	-0.18314
36	22	23	0.185631	-0.185631
37	23	24	0.531046	-0.531046
38	23	25	-0.229085	0.229085
39	23	32	-0.208845	0.208845
40	24	70	-0.232328	0.232328
41	24	72	0.136111	-0.136111
42	26	25	0.306097	-0.306097
43	25	27	-0.0530312	0.0530312
44	26	30	-0.403639	0.403639
45	27	28	-0.130474	0.130474
46	27	32	0.0382532	-0.0382532
47	27	115	-0.0330867	0.0330867
48	28	29	-0.0579845	0.0579845
49	29	31	0.0845043	-0.0845043
50	30	38	-0.896527	0.896527
51	31	32	0.169642	-0.169642
52	32	113	-0.0638372	0.0638372
53	32	114	-0.0718921	0.0718921
54	33	37	-0.0864743	0.0864743
55	34	36	0.0894709	-0.0894709
56	34	37	0.0169463	-0.0169463
57	34	43	-0.403248	0.403248
58	35	36	0.227795	-0.227795
59	35	37	0.00469666	-0.00469666
60	38	37	-0.0185109	0.0185109
61	37	39	-0.170985	0.170985
62	37	40	-0.107372	0.107372
63	38	65	-0.975524	0.975524
64	39	40	0.00150934	-0.00150934
65	40	41	-0.398794	0.398794
66	40	42	-0.199332	0.199332
67	41	42	-0.126298	0.126298
68	42	49	-0.323945	0.323945
69	42	49	-0.323945	0.323945
70	43	44	-0.320753	0.320753
71	44	45	-0.258255	0.258255
72	45	46	0.0835322	-0.0835322
73	45	49	0.0582134	-0.0582134
74	46	47	0.0609261	-0.0609261
75	46	48	-0.0236925	0.0236925
76	47	49	-0.131765	0.131765
77	47	69	0.402694	-0.402694
78	48	49	0.0788089	-0.0788089
79	49	50	-0.274008	0.274008
80	49	51	-0.335536	0.335536
81	49	54	-0.224501	0.224501
82	49	54	-0.222958	0.222958
83	49	66	0.229361	-0.229361
84	49	66	0.229361	-0.229361
85	49	69	0.370684	-0.370684
86	50	57	-0.201506	0.201506
87	51	52	-0.17028	0.17028
88	51	58	-0.125253	0.125253
89	52	53	-0.0877778	0.0877778
90	53	54	0.0447246	-0.0447246
91	54	55	-0.0743986	0.0743986
92	54	56	-0.00256938	0.00256938
93	54	59	-0.0903782	0.0903782
95	55	59	-0.07165	0.07165
96	56	57	0.179004	-0.179004
97	56	58	0.102751	-0.102751
98	56	59	-0.0824666	0.0824666
99	56	59	-0.0866069	0.0866069
100	59	60	0.327573	-0.327573
101	59	61	0.385131	-0.385131
102	63	59	-1.43366	1.43366
103	60	61	0.759937	-0.759937
104	60	62	0.21764	-0.21764
105	61	62	0.050376	-0.050376
106	64	61	-0.932124	0.932124
107	62	66	0.215551	-0.215551
108	62	67	0.130217	-0.130217
109	63	64	1.36866	-1.36866
110	64	65	2.20329	-2.20329
111	65	66	-1.14945	1.14945
112	65	68	2.21467	-2.21467
113	66	67	-0.31272	0.31272
114	68	69	0.568897	-0.568897
115	68	81	0.953527	-0.953527
116	68	116	0.562252	-0.562252
117	69	70	0.656918	-0.656918
118	69	75	0.208845	-0.208845
119	69	77	0.249011	-0.249011
120	70	71	1.1184	-1.1184
121	70	74	-0.347561	0.347561
122	70	75	-0.410997	0.410997
123	71	72	0.458646	-0.458646
124	71	73	0.562254	-0.562254
125	74	75	-0.294811	0.294811
126	75	77	-0.00164025	0.00164025
127	75	118	-0.220316	0.220316
128	76	77	0.0649402	-0.0649402
129	76	118	-0.0121883	0.0121883
130	77	78	-0.682941	0.682941
131	77	80	0.121744	-0.121744
132	77	80	0.0555222	-0.0555222
133	77	82	0.638247	-0.638247
134	78	79	-0.070431	0.070431
135	79	80	0.222082	-0.222082
136	81	80	0.88853	-0.88853
137	80	96	0.381297	-0.381297
138	80	97	0.355962	-0.355962
139	80	98	0.603432	-0.603432
140	80	99	0.922193	-0.922193
141	82	83	0.655782	-0.655782
142	82	96	0.392476	-0.392476
143	83	84	0.30984	-0.30984
144	83	85	0.415956	-0.415956
145	84	85	0.322351	-0.322351
146	85	86	0.011534	-0.011534
147	85	88	0.0422791	-0.0422791
148	85	89	0.199765	-0.199765
149	86	87	0.124046	-0.124046
150	88	89	0.424791	-0.424791
151	89	90	0.07223	-0.07223
152	89	90	0.136198	-0.136198
153	89	92	0.142923	-0.142923
154	89	92	0.0456571	-0.0456571
155	90	91	0.328693	-0.328693
156	91	92	-0.26605	0.26605
157	92	93	-0.24466	0.24466
158	92	94	-0.234215	0.234215
159	92	100	0.137691	-0.137691
160	92	102	0.123994	-0.123994
161	93	94	-0.222149	0.222149
162	94	95	-0.88915	0.88915
163	94	96	-0.800622	0.800622
164	94	100	1.33843	-1.33843
165	95	96	-0.56664	0.56664
166	96	97	-0.408471	0.408471
167	98	100	0.845941	-0.845941
168	99	100	0.327448	-0.327448
169	100	101	-0.199018	0.199018
170	100	103	1.84641	-1.84641
171	100	104	0.580782	-0.580782
172	100	106	0.466345	-0.466345
173	101	102	-0.0765063	0.0765063
174	103	104	0.136041	-0.136041
175	103	105	0.234273	-0.234273
176	103	110	0.81113	-0.81113
177	104	105	0.43709	-0.43709
178	105	106	-0.515678	0.515678
179	105	107	0.0965525	-0.0965525
180	105	108	0.675764	-0.675764
181	106	107	0.250684	-0.250684
182	108	109	0.598278	-0.598278
183	109	110	0.580791	-0.580791
184	110	111	0.744954	-0.744954
185	110	112	0.344741	-0.344741
186	114	115	-0.0894026	0.0894026
