Gen#	Conn.	MW
1	1	0.497254
2	4	0.497254
3	6	0.497254
4	8	0.497254
5	10	2.34543e-05
6	12	0.0153349
7	15	0.497254
8	18	0.497254
9	19	0.497254
10	24	0.497254
11	25	2.9716e-05
12	26	3.10762e-05
13	27	0.497254
14	31	0.285131
15	32	0.497254
16	34	0.497254
17	36	0.497254
18	40	0.497254
19	42	0.497254
20	46	-0.0656768
21	49	-2.82335e-05
22	54	0.636897
23	55	0.497254
24	56	0.497254
25	59	4.44934e-05
26	61	7.38973e-05
27	62	0.497254
28	65	4.37831e-05
29	66	4.3224e-05
30	69	1.01168e-05
31	70	0.497254
32	72	0.497254
33	73	0.497254
34	74	0.497254
35	76	0.497254
36	77	0.497254
37	80	1.89477e-05
38	85	0.497254
39	87	0.0590454
40	89	7.55854e-05
41	90	0.497254
42	91	0.497254
43	92	0.497254
44	99	0.497254
45	100	3.07686e-05
46	103	0.69999
47	104	0.497254
48	105	0.497254
49	107	0.497254
50	110	0.497254
51	111	0.679963
52	112	0.497254
53	113	0.497254
54	116	0.497254
T.line#	From	To	From MW	To MW
1	1	2	-0.0621098	0.0621098
2	1	3	-0.0566412	0.0566412
3	2	12	0.0392167	-0.0392167
4	3	5	0.208817	-0.208817
5	3	12	-0.00700412	0.00700412
6	4	5	0.0112887	-0.0112887
7	4	11	-0.340141	0.340141
8	5	6	-0.185253	0.185253
9	8	5	-0.579459	0.579459
10	5	11	-0.338612	0.338612
11	6	7	-0.294106	0.294106
12	7	12	-0.202808	0.202808
13	8	9	0.131661	-0.131661
14	8	30	-0.181093	0.181093
15	9	10	0.0658421	-0.0658421
16	11	12	-0.0240441	0.0240441
17	11	13	-0.119217	0.119217
18	12	14	0.0510406	-0.0510406
19	12	16	0.0470828	-0.0470828
20	12	117	-0.1342	0.1342
21	13	15	0.122067	-0.122067
22	14	15	0.0923246	-0.0923246
23	15	17	0.414486	-0.414486
24	15	19	0.214522	-0.214522
25	15	33	-0.242297	0.242297
26	16	17	0.198365	-0.198365
27	17	18	-0.0819635	0.0819635
28	30	17	0.233452	-0.233452
29	17	31	0.126327	-0.126327
30	17	113	0.681505	-0.681505
31	18	19	-0.110896	0.110896
32	19	20	0.0801153	-0.0801153
33	19	34	-0.221263	0.221263
34	20	21	0.161349	-0.161349
35	21	22	0.20258	-0.20258
36	22	23	0.203806	-0.203806
37	23	24	0.628758	-0.628758
38	23	25	-0.277947	0.277947
39	23	32	-0.241642	0.241642
41	24	72	0.0327109	-0.0327109
42	26	25	0.356856	-0.356856
43	25	27	-0.052823	0.052823
44	26	30	-0.455655	0.455655
45	27	28	-0.134279	0.134279
46	27	32	0.038296	-0.038296
47	27	115	-0.0316396	0.0316396
48	28	29	-0.0630485	0.0630485
49	29	31	0.0781864	-0.0781864
50	30	38	-1.00189	1.00189
51	31	32	0.184764	-0.184764
52	32	113	-0.0854906	0.0854906
53	32	114	-0.0708149	0.0708149
54	33	37	-0.111073	0.111073
55	34	36	0.0901953	-0.0901953
56	34	37	0.022865	-0.022865
57	34	43	-0.439179	0.439179
58	35	36	0.228793	-0.228793
59	35	37	0.00240823	-0.00240823
60	38	37	-0.0281459	0.0281459
61	37	39	-0.188251	0.188251
62	37	40	-0.123292	0.123292
63	38	65	-1.07254	1.07254
64	39	40	-0.017061	0.017061
65	40	41	-0.417307	0.417307
66	40	42	-0.217923	0.217923
67	41	42	-0.14612	0.14612
68	42	49	-0.344476	0.344476
69	42	49	-0.344476	0.344476
70	43	44	-0.357997	0.357997
71	44	45	-0.296837	0.296837
72	45	46	0.0113353	-0.0113353
73	45	49	0.090029	-0.090029
74	46	47	0.150506	-0.150506
75	46	48	0.0417519	-0.0417519
76	47	49	-0.0592858	0.0592858
77	47	69	0.417988	-0.417988
78	48	49	0.142888	-0.142888
79	49	50	-0.257644	0.257644
80	49	51	-0.314912	0.314912
81	49	54	-0.207361	0.207361
82	49	54	-0.205936	0.205936
83	49	66	0.254542	-0.254542
84	49	66	0.254542	-0.254542
85	49	69	0.370133	-0.370133
86	50	57	-0.186506	0.186506
87	51	52	-0.162508	0.162508
88	51	58	-0.11422	0.11422
89	52	53	-0.0813707	0.0813707
90	53	54	0.0497683	-0.0497683
91	54	55	-0.0178219	0.0178219
92	54	56	-0.0262235	0.0262235
93	54	59	-0.0900026	0.0900026
94	55	56	0.0403628	-0.0403628
95	55	59	-0.0902156	0.0902156
96	56	57	0.165368	-0.165368
97	56	58	0.0930833	-0.0930833
98	56	59	-0.0805795	0.0805795
99	56	59	-0.0846221	0.0846221
100	59	60	0.32203	-0.32203
101	59	61	0.379794	-0.379794
102	63	59	-1.42614	1.42614
103	60	61	0.758214	-0.758214
104	60	62	0.211997	-0.211997
105	61	62	0.0443268	-0.0443268
106	64	61	-0.928837	0.928837
107	62	66	0.208073	-0.208073
108	62	67	0.12327	-0.12327
109	63	64	1.36024	-1.36024
110	64	65	2.19021	-2.19021
111	65	66	-1.18084	1.18084
112	65	68	2.13371	-2.13371
113	66	67	-0.304406	0.304406
114	68	69	0.487029	-0.487029
115	68	81	0.951718	-0.951718
116	68	116	0.563157	-0.563157
117	69	70	0.583863	-0.583863
118	69	75	0.184836	-0.184836
119	69	77	0.275781	-0.275781
120	70	71	1.22535	-1.22535
121	70	74	-0.310421	0.310421
122	70	75	-0.366016	0.366016
123	71	72	0.563361	-0.563361
124	71	73	0.563148	-0.563148
125	74	75	-0.259477	0.259477
126	75	77	0.0265938	-0.0265938
127	75	118	-0.194958	0.194958
128	76	77	0.0871106	-0.0871106
129	76	118	-0.0361826	0.0361826
130	77	78	-0.663214	0.663214
131	77	80	0.141595	-0.141595
132	77	80	0.0648706	-0.0648706
133	77	82	0.662403	-0.662403
134	78	79	-0.0520797	0.0520797
135	79	80	0.239051	-0.239051
136	81	80	0.885816	-0.885816
137	80	96	0.389533	-0.389533
138	80	97	0.363972	-0.363972
139	80	98	0.614985	-0.614985
140	80	99	0.933285	-0.933285
141	82	83	0.670446	-0.670446
142	82	96	0.400129	-0.400129
143	83	84	0.315565	-0.315565
144	83	85	0.423049	-0.423049
145	84	85	0.326687	-0.326687
146	85	86	0.0138493	-0.0138493
147	85	88	0.0454581	-0.0454581
148	85	89	0.202454	-0.202454
149	86	87	0.124968	-0.124968
150	88	89	0.426576	-0.426576
151	89	90	0.0730637	-0.0730637
152	89	90	0.137965	-0.137965
153	89	92	0.141581	-0.141581
154	89	92	0.0456205	-0.0456205
155	90	91	0.328971	-0.328971
156	91	92	-0.267166	0.267166
157	92	93	-0.247654	0.247654
158	92	94	-0.238407	0.238407
159	92	100	0.137155	-0.137155
160	92	102	0.125051	-0.125051
161	93	94	-0.226532	0.226532
162	94	95	-0.895001	0.895001
163	94	96	-0.813137	0.813137
164	94	100	1.34545	-1.34545
165	95	96	-0.573878	0.573878
166	96	97	-0.415103	0.415103
167	98	100	0.856116	-0.856116
168	99	100	0.337159	-0.337159
169	100	101	-0.197295	0.197295
170	100	103	1.85767	-1.85767
171	100	104	0.585151	-0.585151
172	100	106	0.470737	-0.470737
173	101	102	-0.076173	0.076173
174	103	104	0.137594	-0.137594
175	103	105	0.23677	-0.23677
176	103	110	0.815551	-0.815551
177	104	105	0.440686	-0.440686
178	105	106	-0.517163	0.517163
179	105	107	0.0973656	-0.0973656
180	105	108	0.679271	-0.679271
181	106	107	0.251733	-0.251733
182	108	109	0.600386	-0.600386
183	109	110	0.581501	-0.581501
184	110	111	0.745887	-0.745887
185	110	112	0.34614	-0.34614
186	114	115	-0.0895873	0.0895873
