Gen#	Conn.	MW
1	1	0.497255
2	4	0.497255
3	6	0.497255
4	8	0.497255
5	10	2.34425e-05
6	12	0.0155149
7	15	0.497255
8	18	0.497255
9	19	0.497255
10	24	0.497255
11	25	2.97599e-05
12	26	3.1059e-05
13	27	0.497255
14	31	0.285173
15	32	0.497255
16	34	0.497255
17	36	0.497255
18	40	0.497255
19	42	0.497255
20	46	0.150268
21	49	-2.82385e-05
22	54	0.6339
23	55	0.497255
24	56	0.497255
25	59	4.447e-05
26	61	7.38519e-05
27	62	0.497255
28	65	4.3766e-05
29	66	4.32072e-05
30	69	1.0122e-05
31	70	0.497255
32	72	0.497255
33	73	0.497255
34	74	0.497255
35	76	0.497255
36	77	0.497255
37	80	1.89415e-05
38	85	0.497255
39	87	0.0590558
40	89	7.55942e-05
41	90	0.497255
42	91	0.497255
43	92	0.497255
44	99	0.497255
45	100	3.07886e-05
46	103	0.69999
47	104	0.497255
48	105	0.497255
49	107	0.497255
50	110	0.497255
51	111	0.679963
52	112	0.497255
53	113	0.497255
54	116	0.497255
T.line#	From	To	From MW	To MW
1	1	2	-0.0620116	0.0620116
2	1	3	-0.0554057	0.0554057
3	2	12	0.0403771	-0.0403771
4	3	5	0.213124	-0.213124
5	3	12	-0.0086823	0.0086823
6	4	5	0.0186223	-0.0186223
7	4	11	-0.346014	0.346014
8	5	6	-0.199403	0.199403
9	8	5	-0.61841	0.61841
10	5	11	-0.349936	0.349936
11	6	7	-0.306798	0.306798
12	7	12	-0.214403	0.214403
13	8	9	0.130159	-0.130159
14	8	30	-0.13914	0.13914
15	9	10	0.0650914	-0.0650914
16	11	12	-0.0296942	0.0296942
17	11	13	-0.12893	0.12893
18	12	14	0.0397495	-0.0397495
19	12	16	0.0444476	-0.0444476
20	12	117	-0.13493	0.13493
21	13	15	0.113467	-0.113467
22	14	15	0.0821472	-0.0821472
23	15	17	0.465009	-0.465009
24	15	19	0.104528	-0.104528
25	15	33	-0.198903	0.198903
26	16	17	0.196846	-0.196846
27	17	18	-0.148878	0.148878
28	30	17	0.141268	-0.141268
29	17	31	0.139957	-0.139957
30	17	113	0.69432	-0.69432
31	18	19	-0.17626	0.17626
32	19	20	-0.157342	0.157342
33	19	34	-0.156836	0.156836
34	20	21	-0.0749367	0.0749367
36	22	23	0.0349405	-0.0349405
37	23	24	0.512289	-0.512289
38	23	25	-0.299131	0.299131
39	23	32	-0.270867	0.270867
40	24	70	-0.241805	0.241805
41	24	72	0.126722	-0.126722
42	26	25	0.366323	-0.366323
43	25	27	-0.06296	0.06296
44	26	30	-0.463946	0.463946
45	27	28	-0.14188	0.14188
46	27	32	0.0390204	-0.0390204
47	27	115	-0.0325384	0.0325384
48	28	29	-0.0694716	0.0694716
49	29	31	0.0729361	-0.0729361
50	30	38	-0.874481	0.874481
51	31	32	0.195066	-0.195066
52	32	113	-0.0994697	0.0994697
53	32	114	-0.0722788	0.0722788
54	33	37	-0.0664957	0.0664957
55	34	36	0.0920816	-0.0920816
56	34	37	0.0421354	-0.0421354
57	34	43	-0.393488	0.393488
58	35	36	0.225293	-0.225293
59	35	37	0.00711664	-0.00711664
60	38	37	-0.0471443	0.0471443
61	37	39	-0.161495	0.161495
62	37	40	-0.0980719	0.0980719
63	38	65	-0.924926	0.924926
64	39	40	0.0109179	-0.0109179
65	40	41	-0.389492	0.389492
66	40	42	-0.19009	0.19009
67	41	42	-0.117078	0.117078
68	42	49	-0.314796	0.314796
69	42	49	-0.314796	0.314796
70	43	44	-0.311075	0.311075
71	44	45	-0.248658	0.248658
72	45	46	0.0846305	-0.0846305
73	45	49	0.0666034	-0.0666034
74	46	47	0.0695559	-0.0695559
75	46	48	-0.0178273	0.0178273
76	47	49	-0.126571	0.126571
77	47	69	0.406021	-0.406021
78	48	49	0.0845921	-0.0845921
79	49	50	-0.266458	0.266458
80	49	51	-0.32599	0.32599
81	49	54	-0.215764	0.215764
82	49	54	-0.214281	0.214281
83	49	66	0.229815	-0.229815
84	49	66	0.229815	-0.229815
85	49	69	0.372548	-0.372548
86	50	57	-0.194037	0.194037
87	51	52	-0.16667	0.16667
88	51	58	-0.119425	0.119425
89	52	53	-0.0842482	0.0842482
90	53	54	0.0481725	-0.0481725
91	54	55	-0.0131192	0.0131192
92	54	56	-0.0391609	0.0391609
93	54	59	-0.093705	0.093705
94	55	56	0.0520106	-0.0520106
95	55	59	-0.0950105	0.0950105
96	56	57	0.171615	-0.171615
97	56	58	0.0970031	-0.0970031
98	56	59	-0.0844936	0.0844936
99	56	59	-0.0887358	0.0887358
100	59	60	0.321075	-0.321075
101	59	61	0.378577	-0.378577
102	63	59	-1.41563	1.41563
103	60	61	0.75644	-0.75644
104	60	62	0.214529	-0.214529
105	61	62	0.0480076	-0.0480076
106	64	61	-0.924303	0.924303
107	62	66	0.212688	-0.212688
108	62	67	0.127434	-0.127434
109	63	64	1.35058	-1.35058
110	64	65	2.1773	-2.1773
111	65	66	-1.14444	1.14444
112	65	68	2.23414	-2.23414
113	66	67	-0.309854	0.309854
114	68	69	0.580515	-0.580515
115	68	81	0.961211	-0.961211
116	68	116	0.562307	-0.562307
117	69	70	0.667211	-0.667211
118	69	75	0.213829	-0.213829
119	69	77	0.250352	-0.250352
120	70	71	1.128	-1.128
121	70	74	-0.351579	0.351579
122	70	75	-0.415959	0.415959
123	71	72	0.468117	-0.468117
124	71	73	0.562308	-0.562308
125	74	75	-0.298939	0.298939
126	75	77	-0.00407573	0.00407573
127	75	118	-0.22215	0.22215
128	76	77	0.0629141	-0.0629141
129	76	118	-0.0102721	0.0102721
130	77	78	-0.686261	0.686261
131	77	80	0.121632	-0.121632
132	77	80	0.0548098	-0.0548098
133	77	82	0.639023	-0.639023
134	78	79	-0.0738303	0.0738303
135	79	80	0.218605	-0.218605
136	81	80	0.89616	-0.89616
137	80	96	0.382047	-0.382047
138	80	97	0.356779	-0.356779
139	80	98	0.60419	-0.60419
140	80	99	0.922921	-0.922921
141	82	83	0.656486	-0.656486
142	82	96	0.392438	-0.392438
143	83	84	0.310111	-0.310111
144	83	85	0.416276	-0.416276
145	84	85	0.322538	-0.322538
146	85	86	0.011677	-0.011677
147	85	88	0.0423812	-0.0423812
148	85	89	0.199831	-0.199831
149	86	87	0.124104	-0.124104
150	88	89	0.424808	-0.424808
151	89	90	0.072274	-0.072274
152	89	90	0.136303	-0.136303
153	89	92	0.142688	-0.142688
154	89	92	0.0456284	-0.0456284
155	90	91	0.328701	-0.328701
156	91	92	-0.266126	0.266126
157	92	93	-0.244921	0.244921
158	92	94	-0.234491	0.234491
159	92	100	0.137609	-0.137609
160	92	102	0.124021	-0.124021
161	93	94	-0.222494	0.222494
162	94	95	-0.889843	0.889843
163	94	96	-0.801125	0.801125
164	94	100	1.33884	-1.33884
165	95	96	-0.567417	0.567417
166	96	97	-0.409205	0.409205
167	98	100	0.846616	-0.846616
168	99	100	0.328093	-0.328093
169	100	101	-0.198875	0.198875
170	100	103	1.84712	-1.84712
171	100	104	0.581044	-0.581044
172	100	106	0.466596	-0.466596
173	101	102	-0.0764479	0.0764479
174	103	104	0.136152	-0.136152
175	103	105	0.234428	-0.234428
176	103	110	0.8114	-0.8114
177	104	105	0.437322	-0.437322
178	105	106	-0.515749	0.515749
179	105	107	0.0965985	-0.0965985
180	105	108	0.675978	-0.675978
181	106	107	0.250752	-0.250752
182	108	109	0.598406	-0.598406
183	109	110	0.580834	-0.580834
184	110	111	0.745011	-0.745011
185	110	112	0.344826	-0.344826
186	114	115	-0.0898702	0.0898702
