Gen#	Conn.	MW
1	1	0.497255
2	4	0.497255
3	6	0.497255
4	8	0.497255
5	10	2.34209e-05
6	12	0.0158384
7	15	0.497255
8	18	0.497255
9	19	0.497255
10	24	0.497255
11	25	2.98399e-05
12	26	3.10276e-05
13	27	0.497255
14	31	0.285249
15	32	0.497255
16	34	0.497255
17	36	0.497255
18	40	0.497255
19	42	0.497255
20	46	0.102927
21	49	-2.82476e-05
22	54	0.626383
23	55	0.497255
24	56	0.497255
25	59	4.44276e-05
26	61	7.37691e-05
27	62	0.497255
28	65	4.37349e-05
29	66	4.31767e-05
30	69	1.01315e-05
31	70	0.497255
32	72	0.497255
33	73	0.497255
34	74	0.497255
35	76	0.497255
36	77	0.497255
37	80	1.89302e-05
38	85	0.497255
39	87	0.0590745
40	89	7.56102e-05
41	90	0.497255
42	91	0.497255
43	92	0.497255
44	99	0.497255
45	100	3.08249e-05
46	103	0.69999
47	104	0.497255
48	105	0.497255
49	107	0.497255
50	110	0.497255
51	111	0.679963
52	112	0.497255
53	113	0.497255
54	116	0.497255
T.line#	From	To	From MW	To MW
1	1	2	-0.0604778	0.0604778
2	1	3	-0.0569022	0.0569022
3	2	12	0.0418678	-0.0418678
4	3	5	0.210168	-0.210168
5	3	12	-0.00724625	0.00724625
6	4	5	0.00371868	-0.00371868
7	4	11	-0.33126	0.33126
8	5	6	-0.188389	0.188389
9	8	5	-0.583484	0.583484
10	5	11	-0.344045	0.344045
11	6	7	-0.2959	0.2959
12	7	12	-0.203596	0.203596
13	8	9	0.130307	-0.130307
14	8	30	-0.174363	0.174363
15	9	10	0.0651651	-0.0651651
16	11	12	-0.0220081	0.0220081
17	11	13	-0.116134	0.116134
18	12	14	0.0554082	-0.0554082
19	12	16	0.0495547	-0.0495547
20	12	117	-0.13487	0.13487
21	13	15	0.12615	-0.12615
22	14	15	0.0976963	-0.0976963
23	15	17	0.406212	-0.406212
24	15	19	0.212882	-0.212882
25	15	33	-0.220561	0.220561
26	16	17	0.201841	-0.201841
27	17	18	-0.0784218	0.0784218
28	30	17	0.195223	-0.195223
29	17	31	0.104041	-0.104041
30	17	113	0.659588	-0.659588
31	18	19	-0.10601	0.10601
32	19	20	0.0597151	-0.0597151
33	19	34	-0.195608	0.195608
34	20	21	0.141951	-0.141951
35	21	22	0.184178	-0.184178
36	22	23	0.186394	-0.186394
37	23	24	0.537691	-0.537691
38	23	25	-0.234871	0.234871
39	23	32	-0.209417	0.209417
40	24	70	-0.229665	0.229665
41	24	72	0.13965	-0.13965
42	26	25	0.313502	-0.313502
43	25	27	-0.0517789	0.0517789
44	26	30	-0.411295	0.411295
45	27	28	-0.130313	0.130313
46	27	32	0.0381283	-0.0381283
47	27	115	-0.0323875	0.0323875
48	28	29	-0.0580784	0.0580784
49	29	31	0.0841596	-0.0841596
50	30	38	-0.911228	0.911228
51	31	32	0.170014	-0.170014
52	32	113	-0.0645884	0.0645884
53	32	114	-0.0720745	0.0720745
54	33	37	-0.0883334	0.0883334
55	34	36	0.0880304	-0.0880304
56	34	37	0.0220416	-0.0220416
57	34	43	-0.408541	0.408541
58	35	36	0.229631	-0.229631
59	35	37	0.00256174	-0.00256174
60	38	37	-0.0182654	0.0182654
61	37	39	-0.168383	0.168383
62	37	40	-0.109234	0.109234
63	38	65	-0.990766	0.990766
64	39	40	0.00379413	-0.00379413
65	40	41	-0.397851	0.397851
66	40	42	-0.200545	0.200545
67	41	42	-0.125725	0.125725
68	42	49	-0.324645	0.324645
69	42	49	-0.324645	0.324645
70	43	44	-0.326372	0.326372
71	44	45	-0.264247	0.264247
72	45	46	0.0661733	-0.0661733
73	45	49	0.0690601	-0.0690601
74	46	47	0.0851294	-0.0851294
75	46	48	-0.00505666	0.00505666
76	47	49	-0.120891	0.120891
77	47	69	0.415461	-0.415461
78	48	49	0.0970466	-0.0970466
79	49	50	-0.267206	0.267206
80	49	51	-0.327125	0.327125
81	49	54	-0.21686	0.21686
82	49	54	-0.215368	0.215368
83	49	66	0.228808	-0.228808
84	49	66	0.228808	-0.228808
85	49	69	0.378017	-0.378017
86	50	57	-0.195109	0.195109
87	51	52	-0.166974	0.166974
88	51	58	-0.120698	0.120698
89	52	53	-0.084884	0.084884
90	53	54	0.0472027	-0.0472027
91	54	55	-0.00789086	0.00789086
92	54	56	-0.0412896	0.0412896
93	54	59	-0.0933375	0.0933375
94	55	56	0.0576286	-0.0576286
95	55	59	-0.095947	0.095947
96	56	57	0.173017	-0.173017
97	56	58	0.0986073	-0.0986073
98	56	59	-0.0846866	0.0846866
99	56	59	-0.0889512	0.0889512
100	59	60	0.324352	-0.324352
101	59	61	0.381762	-0.381762
102	63	59	-1.40714	1.40714
103	60	61	0.757999	-0.757999
104	60	62	0.215803	-0.215803
105	61	62	0.045266	-0.045266
106	64	61	-0.931235	0.931235
107	62	66	0.211751	-0.211751
108	62	67	0.126241	-0.126241
109	63	64	1.34186	-1.34186
110	64	65	2.17517	-2.17517
111	65	66	-1.13918	1.13918
112	65	68	2.16035	-2.16035
113	66	67	-0.308327	0.308327
114	68	69	0.565208	-0.565208
115	68	81	0.902115	-0.902115
116	68	116	0.562511	-0.562511
117	69	70	0.657127	-0.657127
118	69	75	0.210646	-0.210646
119	69	77	0.262571	-0.262571
120	70	71	1.11578	-1.11578
121	70	74	-0.344846	0.344846
122	70	75	-0.409082	0.409082
123	71	72	0.455446	-0.455446
124	71	73	0.562485	-0.562485
125	74	75	-0.29261	0.29261
126	75	77	0.00325086	-0.00325086
127	75	118	-0.220092	0.220092
128	76	77	0.0642346	-0.0642346
129	76	118	-0.0120142	0.0120142
130	77	78	-0.722195	0.722195
131	77	80	-0.00272558	0.00272558
132	77	80	0.00117322	-0.00117322
133	77	82	0.872717	-0.872717
134	78	79	-0.110155	0.110155
135	79	80	0.181872	-0.181872
136	81	80	0.836834	-0.836834
137	80	96	0.552812	-0.552812
138	80	97	0.526439	-0.526439
139	80	98	-0.274688	0.274688
140	80	99	1.18602	-1.18602
141	82	83	0.777432	-0.777432
142	82	96	0.504612	-0.504612
143	83	84	0.361834	-0.361834
144	83	85	0.484894	-0.484894
145	84	85	0.373779	-0.373779
146	85	86	0.0125367	-0.0125367
147	85	88	0.101222	-0.101222
148	85	89	0.258835	-0.258835
149	86	87	0.124461	-0.124461
150	88	89	0.483139	-0.483139
151	89	90	0.0774353	-0.0774353
152	89	90	0.145594	-0.145594
153	89	92	0.220167	-0.220167
154	89	92	0.0698229	-0.0698229
155	90	91	0.342279	-0.342279
156	91	92	-0.253074	0.253074
157	92	93	-0.260957	0.260957
158	92	94	-0.251246	0.251246
159	92	100	0.210329	-0.210329
160	92	102	0.197242	-0.197242
161	93	94	-0.239047	0.239047
162	94	95	-1.10859	1.10859
163	94	96	-1.03318	1.03318
164	94	100	1.75532	-1.75532
165	95	96	-0.786639	0.786639
166	96	97	-0.578442	0.578442
168	99	100	0.590693	-0.590693
169	100	101	-0.271033	0.271033
170	100	103	1.85155	-1.85155
171	100	104	0.582856	-0.582856
172	100	106	0.468605	-0.468605
173	101	102	-0.14914	0.14914
174	103	104	0.136357	-0.136357
175	103	105	0.235401	-0.235401
176	103	110	0.813537	-0.813537
177	104	105	0.438391	-0.438391
178	105	106	-0.516524	0.516524
179	105	107	0.0968899	-0.0968899
180	105	108	0.677165	-0.677165
181	106	107	0.251229	-0.251229
182	108	109	0.599011	-0.599011
183	109	110	0.580855	-0.580855
184	110	111	0.745403	-0.745403
185	110	112	0.345417	-0.345417
186	114	115	-0.0898447	0.0898447
