Gen#	Conn.	MW
1	1	0.497255
2	4	0.497255
3	6	0.497255
4	8	0.497255
5	10	2.34459e-05
6	12	0.0154629
7	15	0.497255
8	18	0.497255
9	19	0.497255
10	24	0.497255
11	25	2.97472e-05
12	26	3.1064e-05
13	27	0.497255
14	31	0.285161
15	32	0.497255
16	34	0.497255
17	36	0.497255
18	40	0.497255
19	42	0.497255
20	46	0.178312
21	49	-2.8237e-05
22	54	0.634847
23	55	0.497255
24	56	0.497255
25	59	4.44768e-05
26	61	7.38651e-05
27	62	0.497255
28	65	4.3771e-05
29	66	4.32121e-05
30	69	1.01205e-05
31	70	0.497255
32	72	0.497255
33	73	0.497255
34	74	0.497255
35	76	0.497255
36	77	0.497255
37	80	1.89433e-05
38	85	0.497255
39	87	0.0590528
40	89	7.55917e-05
41	90	0.497255
42	91	0.497255
43	92	0.497255
44	99	0.497255
45	100	3.07828e-05
46	103	0.69999
47	104	0.497255
48	105	0.497255
49	107	0.497255
50	110	0.497255
51	111	0.679963
52	112	0.497255
53	113	0.497255
54	116	0.497255
T.line#	From	To	From MW	To MW
1	1	2	-0.060911	0.060911
2	1	3	-0.0562723	0.0562723
3	2	12	0.0416503	-0.0416503
4	3	5	0.210932	-0.210932
5	3	12	-0.00712548	0.00712548
6	4	5	0.0116193	-0.0116193
7	4	11	-0.338785	0.338785
8	5	6	-0.195432	0.195432
9	8	5	-0.598984	0.598984
10	5	11	-0.343389	0.343389
11	6	7	-0.302599	0.302599
12	7	12	-0.210032	0.210032
13	8	9	0.129931	-0.129931
14	8	30	-0.158108	0.158108
15	9	10	0.0649771	-0.0649771
16	11	12	-0.0256919	0.0256919
17	11	13	-0.11887	0.11887
18	12	14	0.0516987	-0.0516987
19	12	16	0.0443815	-0.0443815
20	12	117	-0.135044	0.135044
21	13	15	0.123699	-0.123699
22	14	15	0.0942673	-0.0942673
23	15	17	0.391901	-0.391901
24	15	19	0.2126	-0.2126
25	15	33	-0.211117	0.211117
26	16	17	0.196951	-0.196951
27	17	18	-0.0744547	0.0744547
28	30	17	0.190278	-0.190278
29	17	31	0.0863925	-0.0863925
30	17	113	0.649866	-0.649866
31	18	19	-0.101609	0.101609
32	19	20	0.0549725	-0.0549725
33	19	34	-0.186086	0.186086
34	20	21	0.137549	-0.137549
35	21	22	0.180127	-0.180127
36	22	23	0.182705	-0.182705
37	23	24	0.549332	-0.549332
38	23	25	-0.241348	0.241348
39	23	32	-0.217647	0.217647
40	24	70	-0.223091	0.223091
41	24	72	0.145277	-0.145277
42	26	25	0.286289	-0.286289
43	25	27	-0.0849848	0.0849848
44	26	30	-0.383744	0.383744
45	27	28	-0.108802	0.108802
46	27	32	0.10677	-0.10677
47	27	115	-0.155052	0.155052
48	28	29	-0.0362249	0.0362249
49	29	31	0.106352	-0.106352
50	30	38	-0.86203	0.86203
51	31	32	0.175212	-0.175212
52	32	113	-0.0551863	0.0551863
53	32	114	-0.0150518	0.0150518
54	33	37	-0.0785406	0.0785406
55	34	36	0.0872996	-0.0872996
56	34	37	0.0201694	-0.0201694
57	34	43	-0.39565	0.39565
58	35	36	0.229848	-0.229848
59	35	37	0.00273155	-0.00273155
60	38	37	-0.0158761	0.0158761
61	37	39	-0.164954	0.164954
62	37	40	-0.101404	0.101404
63	38	65	-0.943575	0.943575
64	39	40	0.00762687	-0.00762687
65	40	41	-0.392697	0.392697
66	40	42	-0.193172	0.193172
67	41	42	-0.120115	0.120115
68	42	49	-0.317688	0.317688
69	42	49	-0.317688	0.317688
70	43	44	-0.313067	0.313067
71	44	45	-0.250481	0.250481
72	45	46	0.0900349	-0.0900349
73	45	49	0.059599	-0.059599
74	46	47	0.0557034	-0.0557034
75	46	48	-0.0263355	0.0263355
76	47	49	-0.131171	0.131171
77	47	69	0.396991	-0.396991
78	48	49	0.0762514	-0.0762514
79	49	50	-0.268085	0.268085
80	49	51	-0.327899	0.327899
81	49	54	-0.217053	0.217053
82	49	54	-0.215561	0.215561
83	49	66	0.223819	-0.223819
84	49	66	0.223819	-0.223819
85	49	69	0.365695	-0.365695
86	50	57	-0.195499	0.195499
87	51	52	-0.16719	0.16719
88	51	58	-0.120594	0.120594
89	52	53	-0.0846036	0.0846036
90	53	54	0.0479823	-0.0479823
91	54	55	-0.0149621	0.0149621
92	54	56	-0.0391174	0.0391174
93	54	59	-0.0951704	0.0951704
94	55	56	0.0515489	-0.0515489
95	55	59	-0.0961202	0.0961202
96	56	57	0.172912	-0.172912
97	56	58	0.0980074	-0.0980074
98	56	59	-0.0856064	0.0856064
99	56	59	-0.0899051	0.0899051
100	59	60	0.320664	-0.320664
101	59	61	0.378054	-0.378054
102	63	59	-1.41219	1.41219
103	60	61	0.755991	-0.755991
104	60	62	0.214787	-0.214787
105	61	62	0.0492357	-0.0492357
106	64	61	-0.922378	0.922378
107	62	66	0.213604	-0.213604
108	62	67	0.128335	-0.128335
109	63	64	1.34725	-1.34725
110	64	65	2.17222	-2.17222
111	65	66	-1.13482	1.13482
112	65	68	2.20107	-2.20107
113	66	67	-0.310922	0.310922
114	68	69	0.562951	-0.562951
115	68	81	0.946036	-0.946036
116	68	116	0.562196	-0.562196
117	69	70	0.646808	-0.646808
118	69	75	0.203878	-0.203878
119	69	77	0.247646	-0.247646
120	70	71	1.109	-1.109
121	70	74	-0.343651	0.343651
122	70	75	-0.406189	0.406189
123	71	72	0.449394	-0.449394
124	71	73	0.562197	-0.562197
125	74	75	-0.290787	0.290787
126	75	77	0.000658292	-0.000658292
127	75	118	-0.21858	0.21858
128	76	77	0.0668744	-0.0668744
129	76	118	-0.0140094	0.0140094
130	77	78	-0.681422	0.681422
131	77	80	0.123419	-0.123419
132	77	80	0.0562432	-0.0562432
133	77	82	0.637457	-0.637457
134	78	79	-0.0688274	0.0688274
135	79	80	0.223769	-0.223769
136	81	80	0.881096	-0.881096
137	80	96	0.380551	-0.380551
138	80	97	0.355184	-0.355184
139	80	98	0.602645	-0.602645
140	80	99	0.921437	-0.921437
141	82	83	0.655032	-0.655032
142	82	96	0.392551	-0.392551
143	83	84	0.309554	-0.309554
144	83	85	0.415605	-0.415605
145	84	85	0.32215	-0.32215
146	85	86	0.0113919	-0.0113919
147	85	88	0.0421622	-0.0421622
148	85	89	0.19967	-0.19967
149	86	87	0.123988	-0.123988
150	88	89	0.424759	-0.424759
151	89	90	0.0721875	-0.0721875
152	89	90	0.136121	-0.136121
153	89	92	0.143072	-0.143072
154	89	92	0.045699	-0.045699
155	90	91	0.328716	-0.328716
156	91	92	-0.265942	0.265942
157	92	93	-0.244425	0.244425
158	92	94	-0.233944	0.233944
159	92	100	0.137766	-0.137766
160	92	102	0.123968	-0.123968
161	93	94	-0.221828	0.221828
162	94	95	-0.888654	0.888654
163	94	96	-0.80001	0.80001
164	94	100	1.33808	-1.33808
165	95	96	-0.566058	0.566058
166	96	97	-0.407778	0.407778
167	98	100	0.845239	-0.845239
168	99	100	0.326777	-0.326777
169	100	101	-0.199162	0.199162
170	100	103	1.84571	-1.84571
171	100	104	0.58052	-0.58052
172	100	106	0.466089	-0.466089
173	101	102	-0.076565	0.076565
174	103	104	0.135934	-0.135934
175	103	105	0.234114	-0.234114
176	103	110	0.810867	-0.810867
177	104	105	0.436863	-0.436863
178	105	106	-0.5156	0.5156
179	105	107	0.0965044	-0.0965044
180	105	108	0.675547	-0.675547
181	106	107	0.250619	-0.250619
182	108	109	0.598145	-0.598145
183	109	110	0.580744	-0.580744
184	110	111	0.744897	-0.744897
185	110	112	0.344656	-0.344656
