Gen#	Conn.	MW
1	1	0.497255
2	4	0.497255
3	6	0.497255
4	8	0.497255
5	10	2.34452e-05
6	12	0.0154734
7	15	0.497255
8	18	0.497255
9	19	0.497255
10	24	0.497255
11	25	2.97498e-05
12	26	3.1063e-05
13	27	0.497255
14	31	0.285163
15	32	0.497255
16	34	0.497255
17	36	0.497255
18	40	0.497255
19	42	0.497255
20	46	0.165698
21	49	-2.82373e-05
22	54	0.634661
23	55	0.497255
24	56	0.497255
25	59	4.44755e-05
26	61	7.38624e-05
27	62	0.497255
28	65	4.377e-05
29	66	4.32111e-05
30	69	1.01208e-05
31	70	0.497255
32	72	0.497255
33	73	0.497255
34	74	0.497255
35	76	0.497255
36	77	0.497255
37	80	1.89429e-05
38	85	0.497255
39	87	0.0590534
40	89	7.55922e-05
41	90	0.497255
42	91	0.497255
43	92	0.497255
44	99	0.497255
45	100	3.07839e-05
46	103	0.69999
47	104	0.497255
48	105	0.497255
49	107	0.497255
50	110	0.497255
51	111	0.679963
52	112	0.497255
53	113	0.497255
54	116	0.497255
T.line#	From	To	From MW	To MW
1	1	2	-0.0608229	0.0608229
2	1	3	-0.0564114	0.0564114
3	2	12	0.0416911	-0.0416911
4	3	5	0.210595	-0.210595
5	3	12	-0.00698773	0.00698773
6	4	5	0.0117988	-0.0117988
7	4	11	-0.339036	0.339036
8	5	6	-0.193383	0.193383
9	8	5	-0.596436	0.596436
10	5	11	-0.343137	0.343137
11	6	7	-0.30062	0.30062
12	7	12	-0.208106	0.208106
13	8	9	0.130007	-0.130007
14	8	30	-0.160809	0.160809
15	9	10	0.0650151	-0.0650151
16	11	12	-0.0259694	0.0259694
17	11	13	-0.118682	0.118682
18	12	14	0.0518354	-0.0518354
19	12	16	0.0458677	-0.0458677
20	12	117	-0.135009	0.135009
21	13	15	0.12383	-0.12383
22	14	15	0.0943484	-0.0943484
23	15	17	0.400278	-0.400278
24	15	19	0.211819	-0.211819
25	15	33	-0.218645	0.218645
26	16	17	0.198381	-0.198381
27	17	18	-0.0783285	0.0783285
28	30	17	0.20196	-0.20196
29	17	31	0.10285	-0.10285
30	17	113	0.658625	-0.658625
31	18	19	-0.105567	0.105567
32	19	20	0.0581713	-0.0581713
33	19	34	-0.194151	0.194151
34	20	21	0.140683	-0.140683
35	21	22	0.183194	-0.183194
36	22	23	0.185706	-0.185706
37	23	24	0.531448	-0.531448
38	23	25	-0.229161	0.229161
39	23	32	-0.209063	0.209063
40	24	70	-0.23208	0.23208
41	24	72	0.136288	-0.136288
42	26	25	0.306064	-0.306064
43	25	27	-0.0531114	0.0531114
44	26	30	-0.403583	0.403583
45	27	28	-0.130511	0.130511
46	27	32	0.0382087	-0.0382087
47	27	115	-0.0330411	0.0330411
48	28	29	-0.057999	0.057999
49	29	31	0.0845126	-0.0845126
50	30	38	-0.896336	0.896336
51	31	32	0.169719	-0.169719
52	32	113	-0.0638821	0.0638821
53	32	114	-0.0719819	0.0719819
54	33	37	-0.0861338	0.0861338
55	34	36	0.088517	-0.088517
56	34	37	0.0178692	-0.0178692
57	34	43	-0.40277	0.40277
58	35	36	0.228723	-0.228723
59	35	37	0.00378695	-0.00378695
60	38	37	-0.0182362	0.0182362
61	37	39	-0.170676	0.170676
62	37	40	-0.107016	0.107016
63	38	65	-0.975589	0.975589
64	39	40	0.00183415	-0.00183415
65	40	41	-0.398468	0.398468
66	40	42	-0.198948	0.198948
67	41	42	-0.125957	0.125957
68	42	49	-0.32357	0.32357
69	42	49	-0.32357	0.32357
70	43	44	-0.32026	0.32026
71	44	45	-0.25775	0.25775
72	45	46	0.0841699	-0.0841699
73	45	49	0.0580924	-0.0580924
74	46	47	0.0601454	-0.0601454
75	46	48	-0.0241582	0.0241582
76	47	49	-0.131863	0.131863
77	47	69	0.402021	-0.402021
78	48	49	0.0783511	-0.0783511
79	49	50	-0.279941	0.279941
80	49	51	-0.310984	0.310984
81	49	54	-0.231952	0.231952
82	49	54	-0.230358	0.230358
83	49	66	0.227798	-0.227798
84	49	66	0.227798	-0.227798
85	49	69	0.370151	-0.370151
86	50	57	-0.207432	0.207432
87	51	52	-0.115006	0.115006
88	51	58	-0.155965	0.155965
90	53	54	0.165005	-0.165005
91	54	55	-0.00500607	0.00500607
92	54	56	0.0260249	-0.0260249
93	54	59	-0.0829634	0.0829634
94	55	56	0.0515788	-0.0515788
95	55	59	-0.086321	0.086321
96	56	57	0.184922	-0.184922
97	56	58	0.133456	-0.133456
98	56	59	-0.0770663	0.0770663
99	56	59	-0.080936	0.080936
100	59	60	0.328035	-0.328035
101	59	61	0.385643	-0.385643
102	63	59	-1.43652	1.43652
103	60	61	0.760049	-0.760049
104	60	62	0.217996	-0.217996
105	61	62	0.0519934	-0.0519934
106	64	61	-0.931139	0.931139
107	62	66	0.216491	-0.216491
108	62	67	0.13126	-0.13126
109	63	64	1.37153	-1.37153
110	64	65	2.20517	-2.20517
111	65	66	-1.14833	1.14833
112	65	68	2.21539	-2.21539
113	66	67	-0.313769	0.313769
114	68	69	0.572888	-0.572888
115	68	81	0.950263	-0.950263
116	68	116	0.562249	-0.562249
117	69	70	0.657073	-0.657073
118	69	75	0.20937	-0.20937
119	69	77	0.251124	-0.251124
120	70	71	1.1182	-1.1182
121	70	74	-0.347251	0.347251
122	70	75	-0.410685	0.410685
123	71	72	0.458457	-0.458457
124	71	73	0.562248	-0.562248
125	74	75	-0.294492	0.294492
126	75	77	-0.00105774	0.00105774
127	75	118	-0.219731	0.219731
128	76	77	0.0655375	-0.0655375
129	76	118	-0.0127789	0.0127789
130	77	78	-0.675432	0.675432
131	77	80	0.11849	-0.11849
132	77	80	0.0549888	-0.0549888
133	77	82	0.637841	-0.637841
134	78	79	-0.0629253	0.0629253
135	79	80	0.229578	-0.229578
136	81	80	0.88527	-0.88527
137	80	96	0.381434	-0.381434
138	80	97	0.356118	-0.356118
139	80	98	0.603514	-0.603514
140	80	99	0.922279	-0.922279
141	82	83	0.655764	-0.655764
142	82	96	0.392092	-0.392092
143	83	84	0.309833	-0.309833
144	83	85	0.415945	-0.415945
145	84	85	0.322344	-0.322344
146	85	86	0.0115358	-0.0115358
147	85	88	0.0422766	-0.0422766
148	85	89	0.199747	-0.199747
149	86	87	0.124046	-0.124046
150	88	89	0.424787	-0.424787
151	89	90	0.0722315	-0.0722315
152	89	90	0.13621	-0.13621
153	89	92	0.142891	-0.142891
154	89	92	0.0456509	-0.0456509
155	90	91	0.328704	-0.328704
156	91	92	-0.266041	0.266041
157	92	93	-0.244666	0.244666
158	92	94	-0.234231	0.234231
159	92	100	0.137677	-0.137677
160	92	102	0.123997	-0.123997
161	93	94	-0.222155	0.222155
162	94	95	-0.889088	0.889088
163	94	96	-0.800601	0.800601
164	94	100	1.33832	-1.33832
165	95	96	-0.566577	0.566577
166	96	97	-0.40863	0.40863
167	98	100	0.846025	-0.846025
168	99	100	0.327535	-0.327535
169	100	101	-0.199018	0.199018
170	100	103	1.84641	-1.84641
171	100	104	0.580805	-0.580805
172	100	106	0.466366	-0.466366
173	101	102	-0.0765072	0.0765072
174	103	104	0.136024	-0.136024
175	103	105	0.234267	-0.234267
176	103	110	0.811153	-0.811153
177	104	105	0.43709	-0.43709
178	105	106	-0.515685	0.515685
179	105	107	0.0965469	-0.0965469
180	105	108	0.675764	-0.675764
181	106	107	0.250695	-0.250695
182	108	109	0.598274	-0.598274
183	109	110	0.580783	-0.580783
184	110	111	0.744956	-0.744956
185	110	112	0.344745	-0.344745
186	114	115	-0.0894704	0.0894704
