Gen#	Conn.	MW
1	1	0.497255
2	4	0.497255
3	6	0.497255
4	8	0.497255
5	10	2.34459e-05
6	12	0.0154624
7	15	0.497255
8	18	0.497255
9	19	0.497255
10	24	0.497255
11	25	2.97471e-05
12	26	3.10641e-05
13	27	0.497255
14	31	0.285161
15	32	0.497255
16	34	0.497255
17	36	0.497255
18	40	0.497255
19	42	0.497255
20	46	0.179271
21	49	-2.8237e-05
22	54	0.634856
23	55	0.497255
24	56	0.497255
25	59	4.44769e-05
26	61	7.38652e-05
27	62	0.497255
28	65	4.3771e-05
29	66	4.32121e-05
30	69	1.01205e-05
31	70	0.497255
32	72	0.497255
33	73	0.497255
34	74	0.497255
35	76	0.497255
36	77	0.497255
37	80	1.89433e-05
38	85	0.497255
39	87	0.0590527
40	89	7.55916e-05
41	90	0.497255
42	91	0.497255
43	92	0.497255
44	99	0.497255
45	100	3.07827e-05
46	103	0.69999
47	104	0.497255
48	105	0.497255
49	107	0.497255
50	110	0.497255
51	111	0.679963
52	112	0.497255
53	113	0.497255
54	116	0.497255
T.line#	From	To	From MW	To MW
1	1	2	-0.0609183	0.0609183
2	1	3	-0.0562504	0.0562504
3	2	12	0.0416522	-0.0416522
4	3	5	0.210973	-0.210973
5	3	12	-0.00713237	0.00713237
6	4	5	0.0117564	-0.0117564
7	4	11	-0.338911	0.338911
8	5	6	-0.19521	0.19521
9	8	5	-0.599092	0.599092
10	5	11	-0.343526	0.343526
11	6	7	-0.302365	0.302365
12	7	12	-0.209791	0.209791
13	8	9	0.129921	-0.129921
14	8	30	-0.157981	0.157981
15	9	10	0.0649721	-0.0649721
16	11	12	-0.0259514	0.0259514
17	11	13	-0.118861	0.118861
18	12	14	0.0517088	-0.0517088
19	12	16	0.0443788	-0.0443788
20	12	117	-0.13505	0.13505
21	13	15	0.123715	-0.123715
22	14	15	0.0942847	-0.0942847
23	15	17	0.391845	-0.391845
24	15	19	0.212609	-0.212609
25	15	33	-0.211023	0.211023
26	16	17	0.196955	-0.196955
27	17	18	-0.0744216	0.0744216
28	30	17	0.189438	-0.189438
29	17	31	0.0865337	-0.0865337
30	17	113	0.648813	-0.648813
31	18	19	-0.101569	0.101569
32	19	20	0.0549511	-0.0549511
33	19	34	-0.186004	0.186004
34	20	21	0.137533	-0.137533
35	21	22	0.180115	-0.180115
36	22	23	0.182697	-0.182697
37	23	24	0.54949	-0.54949
38	23	25	-0.23942	0.23942
39	23	32	-0.219732	0.219732
40	24	70	-0.223008	0.223008
41	24	72	0.145357	-0.145357
42	26	25	0.287297	-0.287297
43	25	27	-0.0820423	0.0820423
44	26	30	-0.384746	0.384746
45	27	28	-0.111659	0.111659
46	27	32	0.0951662	-0.0951662
47	27	115	-0.137638	0.137638
48	28	29	-0.0390763	0.0390763
49	29	31	0.103506	-0.103506
50	30	38	-0.862057	0.862057
51	31	32	0.172516	-0.172516
52	32	113	-0.0541396	0.0541396
54	33	37	-0.0784409	0.0784409
55	34	36	0.0875524	-0.0875524
56	34	37	0.0198954	-0.0198954
57	34	43	-0.395538	0.395538
58	35	36	0.22959	-0.22959
59	35	37	0.0029952	-0.0029952
60	38	37	-0.0159107	0.0159107
61	37	39	-0.164919	0.164919
62	37	40	-0.101373	0.101373
63	38	65	-0.943562	0.943562
64	39	40	0.00766723	-0.00766723
65	40	41	-0.392656	0.392656
66	40	42	-0.193132	0.193132
67	41	42	-0.12007	0.12007
68	42	49	-0.31764	0.31764
69	42	49	-0.31764	0.31764
70	43	44	-0.312952	0.312952
71	44	45	-0.250364	0.250364
72	45	46	0.0903118	-0.0903118
73	45	49	0.0594432	-0.0594432
74	46	47	0.0553001	-0.0553001
75	46	48	-0.0266096	0.0266096
76	47	49	-0.131476	0.131476
77	47	69	0.396897	-0.396897
78	48	49	0.0759808	-0.0759808
79	49	50	-0.268152	0.268152
80	49	51	-0.32796	0.32796
81	49	54	-0.217069	0.217069
82	49	54	-0.215577	0.215577
83	49	66	0.223614	-0.223614
84	49	66	0.223614	-0.223614
85	49	69	0.365651	-0.365651
86	50	57	-0.19556	0.19556
87	51	52	-0.167183	0.167183
88	51	58	-0.120656	0.120656
89	52	53	-0.0845914	0.0845914
90	53	54	0.0479996	-0.0479996
91	54	55	-0.0153338	0.0153338
92	54	56	-0.038686	0.038686
93	54	59	-0.0952407	0.0952407
94	55	56	0.0511785	-0.0511785
95	55	59	-0.0961135	0.0961135
96	56	57	0.172969	-0.172969
97	56	58	0.0980646	-0.0980646
98	56	59	-0.085626	0.085626
99	56	59	-0.0899254	0.0899254
100	59	60	0.320554	-0.320554
101	59	61	0.377977	-0.377977
102	63	59	-1.41229	1.41229
103	60	61	0.755829	-0.755829
104	60	62	0.214845	-0.214845
105	61	62	0.0493454	-0.0493454
106	64	61	-0.922037	0.922037
107	62	66	0.213683	-0.213683
108	62	67	0.128433	-0.128433
109	63	64	1.34735	-1.34735
110	64	65	2.17198	-2.17198
111	65	66	-1.13461	1.13461
112	65	68	2.20064	-2.20064
113	66	67	-0.311024	0.311024
114	68	69	0.563063	-0.563063
115	68	81	0.945503	-0.945503
116	68	116	0.562193	-0.562193
117	69	70	0.64672	-0.64672
118	69	75	0.203844	-0.203844
119	69	77	0.247753	-0.247753
120	70	71	1.10891	-1.10891
121	70	74	-0.343595	0.343595
122	70	75	-0.406142	0.406142
123	71	72	0.449308	-0.449308
124	71	73	0.562194	-0.562194
125	74	75	-0.290725	0.290725
126	75	77	0.000701403	-0.000701403
127	75	118	-0.218537	0.218537
128	76	77	0.0669305	-0.0669305
129	76	118	-0.0140579	0.0140579
130	77	78	-0.680119	0.680119
131	77	80	0.122633	-0.122633
132	77	80	0.056121	-0.056121
133	77	82	0.637287	-0.637287
134	78	79	-0.0675199	0.0675199
135	79	80	0.22508	-0.22508
136	81	80	0.880567	-0.880567
137	80	96	0.380532	-0.380532
138	80	97	0.355173	-0.355173
139	80	98	0.602607	-0.602607
140	80	99	0.9214	-0.9214
141	82	83	0.654968	-0.654968
142	82	96	0.392453	-0.392453
143	83	84	0.309529	-0.309529
144	83	85	0.415573	-0.415573
145	84	85	0.322131	-0.322131
146	85	86	0.0113812	-0.0113812
147	85	88	0.0421499	-0.0421499
148	85	89	0.199657	-0.199657
149	86	87	0.123984	-0.123984
150	88	89	0.424753	-0.424753
151	89	90	0.0721838	-0.0721838
152	89	90	0.136116	-0.136116
153	89	92	0.143074	-0.143074
154	89	92	0.0456999	-0.0456999
155	90	91	0.328717	-0.328717
156	91	92	-0.265935	0.265935
157	92	93	-0.244413	0.244413
158	92	94	-0.233927	0.233927
159	92	100	0.137768	-0.137768
160	92	102	0.123965	-0.123965
161	93	94	-0.221811	0.221811
162	94	95	-0.888599	0.888599
163	94	96	-0.799959	0.799959
164	94	100	1.33802	-1.33802
165	95	96	-0.565998	0.565998
166	96	97	-0.407772	0.407772
167	98	100	0.845207	-0.845207
168	99	100	0.326747	-0.326747
169	100	101	-0.199171	0.199171
170	100	103	1.84566	-1.84566
171	100	104	0.580501	-0.580501
172	100	106	0.466069	-0.466069
173	101	102	-0.0765678	0.0765678
174	103	104	0.135927	-0.135927
175	103	105	0.234102	-0.234102
176	103	110	0.810847	-0.810847
177	104	105	0.436846	-0.436846
178	105	106	-0.515595	0.515595
179	105	107	0.0965022	-0.0965022
180	105	108	0.675529	-0.675529
181	106	107	0.250613	-0.250613
182	108	109	0.598134	-0.598134
183	109	110	0.580739	-0.580739
184	110	111	0.744893	-0.744893
185	110	112	0.344649	-0.344649
186	114	115	0.0150554	-0.0150554
