
Dual Residual: 
1
25091.7
11444.1
11724.8
1905.62
15.4082
5.58715
2.50112
4.74607
3.45983
1.13564
0.687955
1.17391
0.885668
0.376459
0.258979
0.35117
0.286561
0.150593
0.0633212
0.0736544
0.0695003
0.0527344
0.0646914
0.0953187
0.126377
0.156182
0.185134
0.212574
0.237941
0.261296
0.282912
0.302905
0.321197
0.337621
0.352013
0.364249
0.374266
0.382045
0.387598
0.390942
111.914
296.979
367.621
334.204
229.377
95.022
30.2304
118.255
157.373
149.824
108.486
51.2386
5.77001
46.3355
66.9796
66.8815
50.9881
26.8821
3.7815
17.7032
28.1629
29.548
23.6561
13.7035
4.02415
7.24228
12.1976
13.4101
11.3691
7.45225
3.74955
3.81037
5.65491
6.35845
5.7615
4.44082
3.34154
3.27481
3.77813
4.06476
3.94274
3.58348
3.27392
3.18708
3.25702
3.32577
3.31937
3.2639
3.22038
3.22085
3.25108
3.27922
3.28771
3.28059
3.27178
3.27103
3.27875
3.29009
3.30111
3.31131
3.32215
3.33463
3.34821
3.36158
3.3738
3.38484
3.39528
3.40572
3.4164
3.42725
3.43809
3.44878
3.45923
3.46934
3.47899
3.48806
3.49645
3.50413
3.51111
3.51745
3.52317
3.5283
3.53282
3.53675
3.54007
3.54277
3.54485
3.54632
3.54719
3.54748
3.54723
3.54648
3.54529
3.54368
3.54172
3.53943
3.53687
3.53407
3.44426
3.34146
2.93193
2.11873
1.13905
0.142596
0.741229
1.335
1.60674
1.56422
1.26697
0.807251
0.289199
0.190623
0.558119
0.770525
0.818225
0.720832
0.518985
0.264009
0.00752481
0.207247
0.351313
0.412383
0.39413
0.312902
0.192859
0.0606162
0.0596264
0.149733
0.199657
0.207765
0.179705
0.126239
0.0605797
0.0042283
0.0574698
0.0921625
0.105602
0.0990964
0.0770783
0.0458353
0.0121474
0.0179315
0.0399666
0.0516139
0.0526622
0.0447118
0.0306023
0.0137295
0.00261659
0.0157857
0.0241036
0.0269895
0.0248701
0.018939
0.0108285
0.00226259
0.00524721
0.0106197
0.0133128
0.0133242
0.0111014
0.00739102
0.00306398
0.00105144
0.0043012
0.00628585
0.00688485
0.00622998
0.00464105
0.00254076
0.000366675
0.0015046
0.00281027
0.00342634
0.00336515
0.0027504
0.00177784
0.000670359
0.000363883
