
Objective value: 
300000
163305
23022.2
2.05924e-09
3.09114e-09
2.88631e-09
2.6836e-09
2.48276e-09
2.28461e-09
2.09024e-09
1.90052e-09
1.71605e-09
1.53721e-07
1.36436e-07
1.19787e-07
1.03849e-07
8.87217e-08
7.45011e-08
6.12843e-08
4.91691e-08
3.82556e-08
2.86491e-08
2.04615e-08
1.38131e-08
8.83449e-09
5.66793e-09
2.99536e-09
4.38479e-09
1.48412e-08
3.16879e-08
5.99511e-08
1.12263e-07
2.23165e-07
4.78167e-07
1.06684e-08
2.43463e-08
6.39283e-08
2.44357e-07
1.50363e-06
7.85549e-07
1322.74
4867.18
9256.77
13244.9
15977.9
17103
16732.6
15307.5
13414.2
11611.3
10303.1
9680.55
9726.26
10268.3
11057.9
11846.2
12444.1
12752.5
12764.5
12545.5
12199.9
11837.6
11546.4
11376.2
11336.4
11403.2
11533.1
11678.1
11797.8
11867.5
11880.3
11844.4
11777.5
11700.8
11632.4
11584.4
11561
11559.8
11573.4
11592.9
11609.9
11618.7
11617
11605.3
11586.5
11564.5
11543
11524.7
11510.9
11501.5
11495.4
11490.9
11486.5
11480.8
11473.2
11463.6
11452.4
11440.3
11428.1
11416.3
11405.3
11395.1
11385.5
11376.4
11367.4
11358.1
11348.6
11338.6
11328.2
11317.6
11306.9
11296.3
11285.7
11275.3
11265.1
11254.8
11244.7
11234.4
11224.1
11213.8
11203.3
11192.8
11182.2
11171.6
11161.1
11150.5
11140
11129.5
11119
11108.5
11098
11087.5
11076.9
11066.4
11055.8
11045.3
11034.7
11024.2
11013.7
11003.5
10993.9
10986.3
10982.4
10982.1
10984.8
10989.5
10995.2
11000.7
11005.2
11008.1
11009.1
11008.5
11006.5
11003.7
11000.8
10998.3
10996.4
10995.5
10995.5
10996.2
10997.5
10998.9
11000.3
11001.4
11002.1
11002.3
11002.1
11001.6
11000.9
11000.1
10999.5
10999.1
10998.8
10998.9
10999.1
10999.4
10999.8
11000.1
11000.4
11000.6
11000.6
11000.5
11000.4
11000.2
11000
10999.9
10999.8
10999.7
10999.7
10999.8
10999.9
10999.9
11000
11000.1
11000.1
11000.2
11000.1
11000.1
11000
11000
11000
10999.9
10999.9
10999.9
10999.9
11000
11000
11000
11000
11000
11000
11000
11000
11000
11000
11000
11000
11000
11000
11000
