
Primal Residual: 
278.119
6475.64
3397.18
243.593
270.003
269.846
269.855
269.836
269.818
269.816
269.817
269.816
269.815
269.815
269.815
269.815
269.815
269.815
269.815
269.815
269.815
269.815
269.815
269.815
269.815
269.815
269.815
269.815
269.815
269.815
269.815
269.815
269.815
269.815
269.815
269.815
269.815
269.815
269.815
269.815
269.815
239.75
159.883
61.0127
28.8673
90.5433
116.068
107.964
76.1437
33.797
6.5245
35.7137
49.4912
48.2428
35.8337
17.8628
0.334504
13.753
20.9046
21.3944
16.6883
9.13949
1.25321
5.13622
8.74149
9.41882
7.701
4.56658
1.11897
1.84467
3.61652
4.11701
3.52403
2.23864
0.740432
0.62507
1.47642
1.78472
1.59832
1.07893
0.434123
0.2053
0.600845
0.776363
0.733017
0.538629
0.301398
0.216875
0.329596
0.41346
0.421498
0.378508
0.333342
0.326601
0.352788
0.380504
0.393208
0.393226
0.390723
0.392913
0.399463
0.405767
0.408366
0.407013
0.403431
0.399168
0.394484
0.388692
0.381104
0.371606
0.360564
0.348416
0.335371
0.321418
0.306498
0.290669
0.274121
0.2571
0.239823
0.222467
0.205208
0.188274
0.171976
0.156698
0.142887
0.131034
0.121652
0.115213
0.112023
0.1121
0.115123
0.120518
0.127617
0.135784
0.144481
0.153278
0.161841
0.169914
0.177299
0.186747
0.271295
0.42105
0.848953
1.09158
1.11451
0.950739
0.65613
0.30063
0.0476012
0.327242
0.505906
0.569811
0.527546
0.404006
0.233499
0.052451
0.107076
0.221924
0.280352
0.282021
0.236159
0.158413
0.0671519
0.0200701
0.0893155
0.131995
0.14541
0.132214
0.0990784
0.0548943
0.00891576
0.0308532
0.05879
0.0721963
0.0712607
0.0585426
0.038147
0.0147773
0.00715286
0.0242104
0.0343537
0.037042
0.0330737
0.0242291
0.0128069
0.00115273
0.00874202
0.0155143
0.0185527
0.0179736
0.0144802
0.00914611
0.0031733
0.00233047
0.00652168
0.00891802
0.00941874
0.00825752
0.00590738
0.00296125
1.25842e-05
0.00244416
0.0040798
0.00475786
0.00452518
0.00357332
0.00218225
0.000658633
0.000720066
0.00174713
0.00230941
0.00239055
0.00205758
0.00143567
0.000677417
6.7292e-05
0.000675956
0.00106939
0.00121774
0.00113722
