
Dual Residual: 
1
1.41618
0.776712
0.749221
0.406022
0.287034
0.251187
0.16846
0.131917
0.0900426
0.0548476
0.0335072
0.0297058
0.0335596
0.0342239
0.0299778
0.0228029
0.0154416
0.0098327
0.00658345
0.00619752
0.0266828
0.0469767
0.0459038
0.0304551
0.024198
0.0349528
0.04235
0.038142
0.0242066
0.0155776
0.027242
0.0374726
0.037681
0.027649
0.0171876
0.0221069
0.0317357
0.0340552
0.0266646
0.0147843
0.0151919
0.0257681
0.0310488
0.0272853
0.0169771
0.0120169
0.0204826
0.0271575
0.0263534
0.0179374
0.00997501
0.0157953
0.0236875
0.0256385
0.0197642
0.0111672
0.0120025
0.019617
0.0232525
0.0200114
0.0120536
0.00905643
0.015891
0.0209083
0.0201293
0.0134193
0.00755227
0.0122376
0.0181749
0.0195557
0.0146065
0.00789025
0.00937245
0.0155839
0.0185173
0.0156854
0.00923243
0.00716831
0.01277
0.0168313
0.016217
0.0106644
0.00622777
0.0101875
0.0150132
0.0162167
0.0119348
0.00640244
0.00778084
0.0129947
0.015594
0.0131186
0.00759486
0.00603723
0.010928
0.0145599
0.0141472
0.00914321
0.00528408
0.00886281
0.0133016
0.0147304
0.0107672
0.0058394
0.00702631
0.0118231
0.0144956
0.0123022
0.00713954
0.00554747
0.010125
0.0138362
0.0138418
0.00892629
0.00506862
0.0084021
0.0130112
0.0150047
0.0110083
0.00595834
0.00682845
0.0118974
0.0152119
0.0133332
0.00783909
0.00568151
0.0104508
0.0149347
0.01584
0.0103464
0.00572366
0.00890939
0.0145047
0.017762
0.0134822
0.00741825
0.00747281
0.0136123
0.0184414
0.0174146
0.0104579
0.0067026
0.0122591
0.0188338
0.0220016
0.0147967
0.0080358
0.0108333
0.0189398
0.0249987
0.0207072
0.0117945
0.00955519
0.0181388
0.0266502
0.028889
0.0179691
0.0102097
0.0168321
37.1087
243.291
42.7536
160.437
15.6658
2.50211
5.20473
5.43346
5.84068
6.03979
5.87155
6.83636
6.75719
5.62361
3.94898
2.12186
1.73658
1.9617
1.94183
4.34194
5.52424
5.66653
5.25111
5.25818
5.17164
4.68997
3.91635
2.92167
1.93178
1.15078
0.726656
0.586891
0.503528
0.479988
0.426775
0.350258
0.322301
0.228175
0.263886
0.231961
0.955816
0.437868
0.238123
2.70749
0.958
1.68664
2.47722
0.812204
0.635918
0.421952
0.992094
1.05507
1.26566
0.854833
0.515366
0.490079
0.364644
0.681313
0.487209
0.693168
0.834446
0.20188
0.580363
0.484011
2.71923
1.59432
0.687014
1.66051
0.927605
0.824092
0.384681
0.466557
0.565512
1.43019
0.663222
0.551663
1.10903
0.518274
0.356781
0.627941
0.588088
0.999286
0.684997
0.305218
0.705842
0.381265
1.47253
0.923795
0.408916
1.31367
0.513613
1.07451
0.830115
0.516079
0.489283
0.112101
0.689352
0.761865
5.40022
4.06246
2.47463
2.41143
1.69989
1.02021
0.743505
0.86635
1.0425
1.01985
0.599991
0.443097
0.387686
0.545733
0.64998
0.507751
0.634164
0.606274
0.3249
0.419102
0.244031
1.11277
0.377226
1.16825
2.09587
0.589646
1.32995
1.05584
0.891015
0.386934
0.313495
0.493614
1.55125
1.32672
0.930498
1.60873
0.989278
0.643037
0.477992
0.403567
0.775336
0.956319
0.811311
0.8586
0.720712
0.479015
0.33486
0.218906
0.727758
1.21489
3.3302
3.51538
1.93665
1.55223
1.08488
0.732272
0.699585
1.41312
2.10336
1.89286
1.37023
0.942141
0.731295
0.674709
0.653169
0.666237
0.578825
0.474065
0.391295
0.373749
0.634227
0.862283
0.554666
2.11366
2.06735
1.32967
2.52751
1.0239
0.71001
0.369838
1.01398
1.8347
3.5995
2.38312
1.84959
1.54429
1.29841
0.945169
0.624722
0.658448
0.939279
1.46865
0.912289
0.878353
1.21044
0.821113
0.579885
0.860655
0.475038
1.04689
0.724078
1.4146
1.36956
0.365475
1.15136
0.804868
3.41414
2.03936
0.523956
1.65656
0.947241
2.56787
1.21605
0.405643
0.937144
0.503154
3.15039
1.49289
1.06655
2.55848
1.28167
1.1191
1.22093
0.687154
0.585829
0.508958
1.43468
1.47498
1.41804
2.0501
1.30669
1.14115
1.17682
0.773066
0.583452
0.542441
1.1254
1.51578
1.26801
1.57048
1.33113
1.03443
1.0213
0.691705
0.572909
0.522636
1.15558
1.34324
1.19897
1.69909
1.25026
1.02532
1.10209
0.698269
0.573421
0.482626
1.22007
1.43066
1.47915
1.94631
1.37355
1.21874
1.20992
0.802581
0.562842
0.544367
1.14014
1.73511
1.36835
1.63456
1.45779
1.09795
1.02943
0.709265
0.586165
0.588508
1.17238
1.3421
1.00163
1.47901
1.12627
0.870288
0.966161
0.57211
0.605587
0.437047
1.43664
0.961273
1.51732
2.37953
1.01297
1.37165
1.45551
2.40372
3.26891
3.83904
3.16445
2.35936
1.48094
0.691179
0.497678
0.681306
0.681492
0.546938
1.16201
1.09525
0.69122
0.982664
0.524952
0.332899
0.635226
1.33119
1.57139
0.763641
0.815219
0.590157
0.485921
0.46086
0.333402
0.294995
0.245508
0.177087
0.348705
0.533302
0.564816
0.540395
0.559185
0.336095
0.338337
0.22917
0.311452
0.305146
0.489843
0.265358
0.278394
0.354163
0.274794
0.1953
0.174452
0.302834
0.413275
0.300477
0.427997
0.409488
0.233077
0.291715
0.186535
0.37356
0.310869
0.489895
0.423305
0.342146
0.299284
0.308506
0.220622
0.288249
0.316045
0.360564
0.247042
0.302575
0.279979
0.244201
0.168526
0.245601
0.340853
0.460433
0.298114
0.416921
0.311
0.27538
0.187705
0.26899
0.352308
0.580496
0.295105
0.412087
0.363947
0.256968
0.211561
0.198263
0.330367
0.437829
0.289014
0.411155
0.389115
0.213556
0.273033
0.170607
0.365094
0.271172
0.486709
0.445233
0.310693
0.30438
0.31714
0.22891
0.26613
0.311153
0.342053
0.211115
0.304055
0.293009
0.224335
0.162423
0.218996
0.362292
0.485134
0.274744
0.47571
0.337454
0.269475
0.214009
0.258205
0.365355
0.516277
0.259381
0.401233
0.359434
0.245034
0.222127
0.206807
0.341372
0.390185
0.254848
0.397405
0.351259
0.221858
0.248625
0.203348
0.387116
0.347404
0.286959
0.42961
0.325429
0.224073
0.253315
0.226346
0.379911
0.336412
0.22455
0.382863
0.283761
0.203074
0.207315
0.246265
0.399131
0.381752
0.242481
0.416816
0.266651
0.245595
0.173226
0.324844
0.371959
0.573848
0.425413
0.419954
0.317088
0.328928
0.208191
0.294947
0.31214
0.525524
0.276525
0.314184
0.348808
0.255695
0.187147
0.169642
0.310951
0.439753
0.310434
0.457492
0.420906
0.223688
0.306425
0.175832
0.359272
0.264839
0.577227
0.417694
0.302162
0.344849
0.329898
0.227659
0.21677
0.296747
0.369996
0.232789
0.328727
0.357358
0.21665
0.22012
0.166081
0.359456
0.356684
0.384913
0.490334
0.388667
0.257077
0.310323
0.212512
0.361937
0.320914
0.411053
0.356383
0.315463
0.282836
0.285204
0.215665
0.289177
0.321192
0.308351
0.267851
0.314357
0.259073
0.264183
0.188179
0.320196
0.350821
0.393059
0.376572
0.366081
0.261491
0.296989
0.199196
0.342912
0.319737
0.428504
0.360926
0.322495
0.27924
0.291824
0.204109
0.288193
0.309039
0.370484
0.275603
0.311612
0.274471
0.261103
0.175241
0.27026
0.334064
0.464274
0.320514
0.390272
0.304569
0.287688
0.186058
0.274492
0.335619
0.565328
0.299676
0.391147
0.356504
0.269053
0.204246
0.204006
0.326684
0.471684
0.273085
0.411853
0.397234
0.212294
0.271332
0.167844
0.35455
0.269745
0.500019
0.44021
0.323758
0.311332
0.321574
0.226009
0.273547
0.322485
0.376982
0.227167
0.320726
0.304377
0.243653
0.173049
0.226323
0.348772
0.48479
0.259982
0.446539
0.340632
0.260552
0.212166
0.242579
0.365029
0.494408
0.250556
0.412331
0.35886
0.232929
0.228374
0.203419
0.352721
0.371518
0.262616
0.407354
0.342361
0.219818
0.248888
0.208792
0.390842
0.344619
0.264474
0.423027
0.311241
0.212633
0.240877
0.230103
0.388509
0.336804
0.204284
0.393148
0.271113
0.19745
0.18889
0.269054
0.410857
0.425372
0.322051
0.431773
0.268946
0.293533
0.183303
0.35653
0.337349
0.591495
0.421027
0.368093
0.325679
0.327461
0.211996
0.255878
0.291274
0.455708
0.228697
0.300054
0.352961
0.221039
0.18706
0.150391
0.346345
0.417098
0.39374
0.545426
0.43696
0.256812
0.336947
0.200061
0.352562
0.29114
0.549662
0.354549
0.29979
0.341405
0.307771
0.213507
0.205717
0.291932
0.367559
0.224696
0.344312
0.35765
0.215109
0.228032
0.173499
0.378435
0.36345
0.372393
0.493053
0.38119
0.250912
0.302105
0.214308
0.362738
0.317474
0.373141
0.355286
0.307057
0.269017
0.272589
0.218434
0.304593
0.331246
0.270281
0.294205
0.309433
0.233526
0.244001
0.195495
0.359529
0.359309
0.294536
0.421575
0.335372
0.21527
0.266114
0.209529
0.393697
0.310007
0.271542
0.407412
0.281374
0.211129
0.236222
0.245054
0.37568
0.33001
0.198983
0.367315
0.246849
0.210805
0.15918
0.315683
0.399743
0.552265
0.475799
0.457607
0.30241
0.345653
0.210622
0.339124
0.319784
0.566002
0.325321
0.311195
0.344159
0.291205
0.19957
0.188146
0.279949
0.401847
0.2578
0.362054
0.391735
0.213258
0.262968
0.162328
0.373425
0.301599
0.541715
0.491527
0.374046
0.312879
0.335224
0.225444
0.298869
0.32251
0.428932
0.255815
0.312439
0.316171
0.265311
0.183528
0.218149
0.322763
0.452114
0.227736
0.410027
0.347429
0.232899
0.21557
0.210439
0.377879
0.437116
0.257685
0.449422
0.360716
0.216651
0.25387
0.201443
0.367739
0.317642
0.287569
0.401531
0.312573
0.229928
0.246337
0.229009
0.376216
0.358651
0.218856
0.386057
0.29215
0.200817
0.206444
0.239131
0.406813
0.385026
0.23494
0.430975
0.274102
0.240145
0.179053
0.31172
0.377247
0.551618
0.392441
0.419863
0.312837
0.32135
0.203958
0.299001
0.318646
0.533761
0.290491
0.329266
0.343582
0.273782
0.192177
0.192663
0.309256
0.462581
0.260567
0.415124
0.399933
0.208525
0.275933
0.164995
0.358994
0.270294
0.534549
0.453399
0.335897
0.320422
0.328654
0.226364
0.271773
0.322365
0.397956
0.226771
0.322044
0.315841
0.240899
0.175962
0.208922
0.345445
0.480221
0.272065
0.183215
0.126583
0.144804
0.178279
0.18666
0.167555
0.129141
0.0842193
0.0545366
0.0621048
0.0814847
0.0910152
0.0872772
0.0733659
0.0556997
0.0432469
0.0426776
0.0486963
0.0530161
0.0526344
0.0481678
0.0420624
0.0373285
0.0357468
0.0364676
0.0373491
0.0370094
0.0352919
0.0328645
0.0306409
0.029197
0.0284575
0.0279127
0.0270926
0.0258369
0.0242819
0.0226956
0.0212874
0.0200936
0.0189967
0.0178421
0.016543
0.0151126
0.0136308
0.012184
0.0108136
0.00950092
0.00819167
0.00683523
