
Objective value: 
-0.00106547
-7.81132e-06
-7.81088e-06
-7.80487e-06
-7.80974e-06
-7.81185e-06
-7.82743e-06
-7.84431e-06
-7.85672e-06
-7.88299e-06
-7.90665e-06
-7.94538e-06
-7.99618e-06
-8.00468e-06
-7.95579e-06
-7.9378e-06
-7.88894e-06
-7.75124e-06
-7.35132e-06
-6.03529e-06
-1.15987e-06
1.51628e-05
1.88713e-05
2.54184e-07
-1.32484e-06
-8.2144e-07
1.75309e-06
4.81028e-06
3.53634e-06
3.53962e-06
5.08294e-06
1.05924e-05
1.66262e-05
1.5085e-05
1.40184e-05
1.51566e-05
1.64965e-05
1.95148e-05
1.9193e-05
1.85585e-05
1.89199e-05
2.04698e-05
3.14494e-06
3.29422e-06
3.06273e-06
3.06289e-06
3.20774e-06
3.67433e-06
4.32764e-06
3.9406e-06
3.88082e-06
4.01528e-06
4.51189e-06
5.83251e-06
5.32209e-06
5.0887e-06
5.17597e-06
5.6466e-06
7.07635e-06
7.39892e-06
6.82761e-06
6.85476e-06
7.32882e-06
8.90785e-06
1.07808e-05
9.5146e-06
9.36177e-06
9.77995e-06
1.13935e-05
1.55177e-05
1.38376e-05
1.31979e-05
1.34816e-05
1.51171e-05
2.02882e-05
2.05168e-05
1.87436e-05
1.87997e-05
2.03159e-05
2.54192e-05
3.07944e-05
2.6991e-05
2.65857e-05
2.78065e-05
3.27479e-05
4.38006e-05
3.92618e-05
3.77101e-05
3.84197e-05
4.3078e-05
5.65932e-05
5.68307e-05
5.2736e-05
5.27696e-05
5.65162e-05
1.88944e-05
2.05977e-05
1.93737e-05
1.92334e-05
1.95996e-05
2.11549e-05
2.40972e-05
2.29292e-05
2.2548e-05
2.26503e-05
2.37888e-05
2.66876e-05
2.6818e-05
2.59921e-05
2.59518e-05
2.67003e-05
2.90664e-05
3.12685e-05
2.97998e-05
2.96279e-05
2.9966e-05
3.18786e-05
3.59221e-05
3.44464e-05
3.39313e-05
3.39241e-05
3.54172e-05
3.9331e-05
3.98665e-05
3.86743e-05
3.85159e-05
3.93792e-05
4.22549e-05
4.49149e-05
4.34672e-05
4.32294e-05
4.33709e-05
4.49484e-05
4.57929e-05
4.59258e-05
4.58271e-05
4.57224e-05
4.551e-05
4.1318e-05
3.75537e-05
4.07928e-05
4.10342e-05
3.94516e-05
2.96676e-05
1.05087e-05
1.81551e-05
1.91735e-05
1.95867e-05
1.02435e-05
4.90484e-05
5.41403e-05
9.43942e-05
7.70359e-05
4.48087e-05
7.9578e-05
0.0200126
0.000157193
0.000819733
-0.000757951
2590.24
25747.2
20337.9
-0.000722499
8.67302e-05
0.000111074
0.000136523
0.000155491
0.000164762
0.000183576
0.000192514
0.000198624
0.000198312
0.000193714
0.000188627
0.000559455
0.000390472
0.000206043
6.1949e-05
109.588
279.748
435.443
540
680.272
851.165
999.949
1098.96
1145.14
1159.36
1155.74
1143.89
1132.29
1129.98
1138.78
1142.58
1141.19
1131.55
1128.59
1140.29
1148.6
1194.75
1180.59
1180.12
1041.2
1047.39
1138.45
1007.31
983.979
976.445
983.292
1033.49
1076.86
1124.59
1086.51
1066.12
1055.04
1067.8
1102.8
1117.81
1143.46
1098.97
1100.43
1076.12
1061.87
1203.47
1120.1
1084.49
1007.67
996.847
1035.83
1022.67
1040.14
1061.67
1127.9
1133.2
1110.73
1057.38
1070.26
1086.93
1055.16
1085.08
1132
1097.65
1082.89
1052.04
1063.78
1139.71
1092.16
1111.1
1043.71
1037.48
1094.54
1051.03
1077.31
1051.7
1055.58
1090.89
1123.46
1385.71
1173.94
1054.03
973.647
957.635
970.843
986.371
1010.42
1047.38
1083.63
1091.34
1083.94
1080.11
1103.85
1132.16
1146.54
1113.77
1085.72
1092.36
1077.3
1075.1
1130.97
1125.15
1177.99
1069.56
1091.39
1031.99
996.145
1039.19
1025.94
1033.61
1053.95
1126.03
1173.9
1133.84
1055.52
1031.58
1039.36
1026.74
1040.91
1073.92
1111.3
1136.42
1093.52
1063.67
1061.04
1057.62
1066.13
1099.62
1150.95
1542.03
1109.53
1018.62
974.167
972.795
996.927
1041.88
1189.31
1389.12
1504.06
1408.63
1333.67
1328.04
1364.89
1431.13
1486.79
1494.35
1479.22
1448.84
1467.35
1536.86
1630.51
1656.9
1394.1
1191.61
1282.64
1012.76
1007.21
1035.04
1045.09
1128.17
1307.79
1674.76
1465.48
1284.79
1190.01
1200.13
1238.17
1267.49
1291.4
1355.96
1489.76
1516.2
1417.86
1292.38
1328.55
1337.59
1251.72
1287.64
1404.14
1324.5
1483.2
1314.8
1328.72
1210.15
1175.62
1596.94
1352.52
1305.58
1117.65
1106.62
1425.35
1280.88
1298.77
1184.03
1244.01
1619.99
1468.38
1558.38
1249.03
1192.83
1250.08
1148.59
1185.82
1227.74
1237.22
1382.28
1500.34
1588.34
1349.21
1247.31
1228.41
1170.15
1205.11
1239.87
1249.83
1352.87
1487.84
1559.94
1380.45
1258.03
1248.19
1207.16
1210.35
1252.17
1271.37
1379.04
1488.33
1557
1358.7
1253.18
1243.97
1183.48
1202.67
1245.97
1251.88
1369.55
1488.95
1593.88
1366.78
1247.69
1212.1
1161.61
1188.08
1216.85
1232.87
1335.86
1494.86
1563.98
1382.2
1246.07
1238.22
1207.49
1206.45
1247.86
1276.77
1381.92
1487.77
1520.24
1350.74
1261.45
1289.3
1223.39
1234.77
1290.54
1288.42
1435.42
1478.96
1611.68
1327.49
1280.82
1197.63
1108.98
1474.02
1882.36
2327.74
2501.76
2641.77
2716.93
2743.83
2736.49
2721.95
2748.2
2737.85
2584.72
2445.03
2375.01
2249.05
2196.63
2240.34
2327.62
2503.24
2694.31
2661.72
2553.63
2485.76
2471.01
2454.47
2451.89
2426.59
2400.93
2418.65
2463.37
2531.12
2596.72
2523.43
2445.5
2418.4
2395.55
2404.17
2445.88
2481.85
2540.98
2522.47
2486.08
2439.6
2415.89
2419.98
2438.95
2479.84
2531.68
2556.55
2496.42
2440.17
2426.6
2399.84
2414.94
2467.66
2503.55
2562.54
2505.76
2458.03
2425.19
2397.3
2417.77
2457.93
2497.24
2536.81
2511.16
2468.47
2434.31
2414.05
2423.71
2458.08
2503.45
2560.41
2525.84
2465.64
2428.63
2406.58
2406.26
2443.76
2490.92
2565.42
2539.94
2480.97
2434.04
2418.27
2410.91
2435.09
2480.63
2535.53
2555.31
2497.61
2443.89
2433.45
2408.51
2421.87
2473.91
2504.41
2564.54
2502.96
2459.55
2425.02
2394.64
2418.07
2455.15
2494.07
2530.99
2515.13
2472.25
2435.35
2419.3
2422.86
2452.54
2501.75
2562.73
2535.75
2466.92
2426.17
2408.21
2400.02
2434.57
2483.86
2548.57
2539.08
2482.56
2435.45
2420.74
2409.75
2434.06
2481.08
2528.55
2542.26
2486.3
2438.76
2424.79
2404.4
2427.53
2482.11
2522.83
2545.67
2484.73
2440.81
2424.84
2403.3
2431.18
2484.73
2523.68
2532.01
2477.46
2439.89
2426.07
2410.91
2444.42
2500.41
2545.56
2522.6
2462.02
2430.36
2410.67
2408.83
2455.5
2505.25
2578.3
2522.66
2462.07
2425.72
2395.53
2404.81
2446.34
2486.48
2552.72
2529.11
2485.1
2438.92
2419.19
2420.19
2440.24
2483.29
2539.56
2565.47
2500.21
2441.79
2431.71
2401.64
2412.79
2464.14
2493.92
2568.14
2512.98
2470.58
2427.94
2396.31
2415.96
2444.88
2483.33
2526.62
2536.8
2491.12
2442.37
2428.85
2413.7
2429.67
2480.51
2524.09
2565.82
2495.98
2442.15
2421.83
2392.83
2413.37
2464.65
2502.3
2548.5
2502.15
2458.09
2426.52
2401.05
2422.52
2463.05
2503.31
2534.14
2501.42
2456.89
2427.57
2403.29
2420.34
2466.02
2510.88
2555.31
2504.43
2452.36
2425.78
2397.84
2414.86
2463.89
2503.23
2553.44
2506.07
2460.32
2428.61
2401.26
2419.85
2460.8
2499.95
2542.22
2509.3
2464.64
2431.64
2408.07
2420.31
2458.91
2503.04
2560.56
2521.21
2464.61
2428.34
2403.21
2408.14
2446.96
2491.6
2564.43
2535.54
2479.19
2433.1
2413.64
2409.83
2435.64
2480.69
2540.98
2554.78
2496.45
2441.48
2433.33
2408.57
2421.29
2472.04
2502.63
2565.39
2504.42
2458.73
2422.95
2392.04
2414.04
2452.43
2493.36
2535.93
2517.92
2472.31
2433.71
2414.76
2418.32
2449.11
2496.58
2558.05
2535.53
2470.62
2427.9
2410.52
2401.82
2434.05
2484.14
2546.46
2541.51
2482.68
2435
2422.58
2408.23
2432.27
2481.65
2526.61
2543.58
2485.53
2438.79
2424.36
2403.32
2428.18
2483.84
2524.4
2542.74
2481.99
2439.89
2425.64
2405.11
2434.9
2490.13
2529.14
2528.53
2471.42
2436.21
2424.13
2411.88
2450.05
2507.65
2559.09
2519.09
2455.93
2426
2398.71
2404.3
2456.07
2499.68
2575.64
2520.85
2467.74
2428.54
2397.79
2410.3
2445.94
2483.84
2540.83
2530.92
2488.9
2440.72
2426.36
2419.78
2435.38
2484.66
2538.09
2580.18
2501.19
2440.11
2423.8
2390.76
2405.67
2456.13
2489.98
2559.5
2516.59
2474.52
2431.22
2402.81
2418.63
2445.7
2484.32
2528.33
2537.29
2488.49
2439.44
2426.38
2408.97
2427.02
2481.06
2525.46
2564.64
2493.79
2440.85
2421.86
2393.85
2415.95
2467.73
2504.96
2545.26
2497.68
2454.55
2425.17
2400.95
2425.09
2468.45
2510.05
2533.25
2493.94
2450.03
2426.01
2404.46
2426.41
2478.29
2523.37
2549.37
2488.88
2442.13
2426.64
2401.65
2426.41
2483.15
2518.74
2540.77
2482.07
2443.69
2426.76
2405.99
2439.08
2492.78
2531.28
2519.47
2465.6
2434.29
2417.64
2413.56
2459.71
2514.85
2585.52
2519.56
2452.76
2420.8
2387.69
2398.45
2447.35
2487.8
2559.92
2525.24
2481.29
2436.28
2410.39
2419.11
2442.99
2481.04
2531.86
2548.75
2497.44
2442.37
2430.29
2406.3
2418
2472.04
2507.88
2576.71
2507.53
2454.14
2420.05
2388.31
2408.12
2450.51
2491.12
2541.83
2518.73
2474.35
2433.71
2411.05
2417.53
2446.97
2490.93
2548.3
2536.33
2476.56
2430.88
2417.7
2404.71
2431.52
2484.77
2539.41
2549.2
2484.13
2435.26
2426.37
2404.71
2428.1
2480.56
2517.35
2542.55
2485.01
2441.85
2422.28
2401.32
2430.6
2484.56
2527.99
2533.03
2476.99
2437.59
2424.73
2409.44
2442.41
2500.43
2546.66
2526.26
2462.64
2429.22
2410.92
2406.23
2451.5
2503.17
2573.99
2523.38
2461.82
2424.93
2395.04
2403.11
2445.94
2487.82
2556.26
2528.31
2481.1
2435.54
2412.33
2414.52
2439.24
2482.23
2542.31
2555.02
2495.15
2439.27
2432.55
2406.06
2418.6
2470.62
2501.59
2570.35
2506.99
2458.91
2421.49
2389.73
2410.95
2449.48
2491
2537.53
2521.96
2475.74
2434.48
2416.11
2416.88
2444.93
2492.98
2554.95
2568.82
2565.57
2553.64
2537.85
2520.71
2504.09
2489.86
2479.78
2474.91
2475.3
2479.96
2487.29
2495.44
2502.81
2508.23
2511.16
2511.57
2509.89
2506.81
2503.13
2499.61
2496.82
2495.12
2494.59
2495.11
2496.39
2498.06
2499.75
2501.17
2502.11
2502.5
2502.38
2501.86
2501.12
2500.32
2499.62
2499.12
2498.87
2498.86
2499.06
2499.39
2499.76
2500.1
2500.36
2500.51
2500.54
2500.47
2500.33
2500.16
2499.99
2499.86
