
Primal Residual: 
0.883883
0.738471
0.645812
0.660284
0.711463
0.745558
0.76537
0.753983
0.74447
0.743966
0.746154
0.747446
0.747247
0.74639
0.745703
0.745461
0.745537
0.745713
0.745848
0.745894
0.74585
0.745298
0.744642
0.744428
0.744811
0.745548
0.746423
0.747244
0.747759
0.747704
0.747066
0.746116
0.745249
0.744732
0.744684
0.745033
0.745654
0.74638
0.747017
0.747291
0.747068
0.746446
0.745705
0.745118
0.744866
0.744977
0.745362
0.745894
0.746429
0.746816
0.746867
0.746564
0.746039
0.745509
0.745128
0.74503
0.745202
0.745567
0.746006
0.746409
0.746628
0.746561
0.746247
0.745821
0.745442
0.745215
0.745219
0.745418
0.745736
0.746067
0.746348
0.746436
0.746306
0.746019
0.745694
0.745423
0.745304
0.745366
0.745567
0.745834
0.746091
0.746271
0.746279
0.746126
0.745881
0.74564
0.745452
0.745407
0.745498
0.745683
0.745891
0.746086
0.746184
0.746143
0.745991
0.745794
0.745614
0.745494
0.745495
0.745598
0.745758
0.745918
0.746064
0.746106
0.746041
0.745903
0.745751
0.745611
0.745544
0.745573
0.745674
0.745804
0.74593
0.746028
0.746035
0.745961
0.745844
0.745729
0.745621
0.74559
0.745633
0.745726
0.745829
0.745933
0.745992
0.745978
0.745905
0.745809
0.745719
0.745641
0.745633
0.745681
0.745761
0.74584
0.745927
0.745959
0.745933
0.745866
0.74579
0.745714
0.745662
0.745667
0.745716
0.745782
0.745845
0.745915
0.74593
0.745899
0.745841
0.745781
0.745715
0.745682
0.745695
0.74574
0.745795
0.745848
0.745895
0.745907
0.745875
0.745825
0.87978
8.99325
6.76785
1.17357
1.41488
1.38414
1.34394
1.30035
1.19428
1.10573
1.05514
1.01601
0.999482
0.960639
0.951901
0.949577
0.945469
0.943813
0.917833
0.792285
0.697506
0.661058
0.626583
0.561742
0.464793
0.374344
0.316156
0.300334
0.310121
0.321936
0.32567
0.321557
0.314041
0.307908
0.303371
0.300045
0.296462
0.29433
0.295403
0.29691
0.309747
0.307656
0.309667
0.298536
0.287667
0.295747
0.284229
0.281993
0.279993
0.278729
0.278297
0.281213
0.288209
0.283057
0.282378
0.281456
0.281547
0.285438
0.287982
0.293879
0.288958
0.288468
0.285579
0.283007
0.313142
0.29133
0.288398
0.287626
0.282036
0.278564
0.277114
0.276958
0.278198
0.288361
0.289821
0.288123
0.28551
0.283671
0.284406
0.28151
0.282554
0.290105
0.285519
0.28445
0.2823
0.280953
0.292544
0.284307
0.287133
0.283649
0.280795
0.283594
0.279476
0.280668
0.27925
0.279005
0.282056
0.287786
0.40072
0.317651
0.313091
0.305975
0.292855
0.284687
0.280075
0.27804
0.279144
0.282216
0.282603
0.281948
0.282114
0.285632
0.291696
0.296129
0.292554
0.289631
0.287911
0.285058
0.283176
0.290557
0.289509
0.30286
0.289611
0.287062
0.283843
0.282333
0.278497
0.27708
0.276811
0.277674
0.288124
0.300217
0.293407
0.289494
0.285473
0.281783
0.279657
0.278076
0.279612
0.284894
0.290475
0.285953
0.283984
0.282229
0.28107
0.28067
0.283919
0.29438
0.33253
0.300973
0.298149
0.292389
0.283454
0.277704
0.274016
0.269315
0.276298
0.284059
0.282419
0.28475
0.28073
0.277178
0.279355
0.284391
0.286999
0.289756
0.291733
0.296514
0.306876
0.322638
0.328274
0.304177
0.298299
0.290808
0.287182
0.282363
0.278423
0.277054
0.276813
0.282514
0.32607
0.295672
0.298009
0.292209
0.278175
0.271281
0.269437
0.269723
0.27436
0.288287
0.294203
0.291891
0.289734
0.285721
0.283402
0.278486
0.279451
0.288516
0.282877
0.297655
0.287116
0.286668
0.282809
0.278562
0.317653
0.280743
0.281457
0.286092
0.279305
0.290731
0.275163
0.277002
0.278401
0.276533
0.314461
0.288984
0.300357
0.292734
0.28549
0.277202
0.273906
0.273061
0.274538
0.275983
0.285666
0.297456
0.308165
0.29502
0.291004
0.281464
0.275358
0.272345
0.272528
0.273449
0.280176
0.293611
0.302763
0.293204
0.290619
0.282355
0.276349
0.273489
0.273961
0.275089
0.28292
0.294257
0.303164
0.293055
0.289862
0.281806
0.276284
0.273541
0.274016
0.274567
0.282332
0.294253
0.307582
0.294099
0.291397
0.282525
0.276192
0.272924
0.272743
0.273629
0.27972
0.295132
0.303365
0.293722
0.2917
0.282394
0.275924
0.27287
0.273164
0.274654
0.282436
0.293554
0.298539
0.291777
0.288311
0.28182
0.276492
0.274469
0.276114
0.276401
0.288501
0.293362
0.311059
0.294593
0.289516
0.282522
0.278005
0.227255
0.157044
0.0911205
0.0469659
0.050326
0.0743258
0.0802656
0.070793
0.0563994
0.0520013
0.0487476
0.0238337
0.0174817
0.0252025
0.0461065
0.0563609
0.0518263
0.0401876
0.0269188
0.0412929
0.0347992
0.0350032
0.0314501
0.0199639
0.0158194
0.0172093
0.0196836
0.0218848
0.0189452
0.0129816
0.0115882
0.0191495
0.0130934
0.0195288
0.0186378
0.0203831
0.0198328
0.0164699
0.0124866
0.0124467
0.00699164
0.00973302
0.0151435
0.016766
0.0156069
0.0139101
0.0106943
0.0107906
0.0114188
0.00898089
0.0156904
0.0148403
0.0188974
0.0173824
0.0132393
0.00994825
0.0138125
0.00800974
0.0136152
0.0163195
0.0196824
0.016973
0.0137373
0.0106563
0.010223
0.00639515
0.0112103
0.0148907
0.0168088
0.0154325
0.0124456
0.0104351
0.0141509
0.00810133
0.0130691
0.0163473
0.0182492
0.0185624
0.0151504
0.0120738
0.0163328
0.00990922
0.0126659
0.0170017
0.0167007
0.0177122
0.0156048
0.0124811
0.0125823
0.0120417
0.0102563
0.0159461
0.0143589
0.0178391
0.0165421
0.0128873
0.00995011
0.0144233
0.00859186
0.0133083
0.0163719
0.0202347
0.0170991
0.0140145
0.0106768
0.00944843
0.0061996
0.0105676
0.0147808
0.0157584
0.0152202
0.0123859
0.0101926
0.0144744
0.00832264
0.0129201
0.0167075
0.0175806
0.0191486
0.0157615
0.0120997
0.0135703
0.00850907
0.0109077
0.0161318
0.0157289
0.0172296
0.0148112
0.0115099
0.0106714
0.00890221
0.00897088
0.015082
0.0148765
0.017985
0.0153758
0.0117564
0.0100444
0.0096349
0.00918882
0.0147824
0.0150144
0.0182584
0.0150169
0.0117533
0.0100904
0.00748759
0.00952639
0.0143297
0.0146678
0.0169885
0.0132485
0.0111116
0.012115
0.00665359
0.0124112
0.0155027
0.0172904
0.0177738
0.0134664
0.0114177
0.0175206
0.00879902
0.0144431
0.0171079
0.0203102
0.0191115
0.0156208
0.0122215
0.0143072
0.00844011
0.0111439
0.0158804
0.0165377
0.0160394
0.0143712
0.0114705
0.0125633
0.0135321
0.0104682
0.0164719
0.014541
0.0189624
0.0180094
0.0139696
0.0103686
0.0156301
0.00824804
0.0124616
0.0166536
0.0201333
0.0171819
0.0147696
0.0112921
0.009837
0.00834012
0.00903932
0.0148364
0.0144431
0.0165354
0.014942
0.0114128
0.010309
0.0134188
0.00922184
0.0155848
0.0158919
0.0201492
0.0177894
0.0137036
0.0101473
0.0112335
0.00695054
0.0127371
0.0156747
0.0187599
0.0157916
0.0124658
0.00973154
0.00869348
0.00544887
0.0118571
0.0150025
0.0182111
0.0158756
0.0120332
0.00999142
0.0121288
0.0071038
0.0137499
0.0156012
0.019343
0.0171934
0.0132834
0.0103687
0.0124345
0.00722871
0.0128001
0.0156318
0.0189603
0.0164075
0.0131044
0.0103492
0.0108874
0.00657067
0.0117773
0.0151739
0.0178103
0.0161151
0.0128156
0.010549
0.0141231
0.00786339
0.0131072
0.0162976
0.0188154
0.0182791
0.0148262
0.0117333
0.0158947
0.00921133
0.0124175
0.0167879
0.017333
0.0178066
0.0155224
0.0122849
0.0131158
0.0116657
0.0103649
0.0162381
0.0141329
0.0176821
0.0165091
0.0127726
0.00965783
0.01446
0.00819042
0.0133374
0.016631
0.0205782
0.0176041
0.0143223
0.010816
0.0101491
0.0061964
0.0107932
0.0151623
0.0165203
0.0159344
0.0129904
0.0103442
0.0139076
0.00798908
0.0121426
0.0164963
0.0171606
0.0187134
0.0155171
0.0119269
0.0131863
0.00876005
0.010764
0.0161601
0.0153395
0.0174545
0.0150104
0.0116465
0.0104666
0.00920204
0.00912874
0.0151186
0.01501
0.0182192
0.0153804
0.0118634
0.0102414
0.00916842
0.009531
0.0148185
0.014835
0.0179749
0.0145462
0.0115853
0.0104167
0.00695202
0.0104988
0.0147243
0.0148903
0.0168788
0.0128388
0.0112937
0.0139669
0.00711489
0.0138854
0.0161972
0.019426
0.0188398
0.0143776
0.0115097
0.0172149
0.0086961
0.0136623
0.0168572
0.0199753
0.0181182
0.0151731
0.0118463
0.0123723
0.00807769
0.00993071
0.0153466
0.0150956
0.0157882
0.0144335
0.0112996
0.0122073
0.0160371
0.0108842
0.0170865
0.0159378
0.0207931
0.0193654
0.0152117
0.0111246
0.0143697
0.00770617
0.0119303
0.0163226
0.0189952
0.0164105
0.0141408
0.0108931
0.00987566
0.00814454
0.00891289
0.01499
0.0146216
0.017239
0.0153576
0.0116149
0.0104217
0.0130582
0.009465
0.0157631
0.0158169
0.0199485
0.0174124
0.0134246
0.0099946
0.0104454
0.00710857
0.0129605
0.0156488
0.0187159
0.0154828
0.0120884
0.00976435
0.0081158
0.00636053
0.0128075
0.0149761
0.0179605
0.01514
0.0114584
0.0103929
0.0104324
0.00874178
0.0147745
0.0148122
0.0185918
0.0156647
0.0121792
0.00992411
0.00917852
0.00930444
0.0141348
0.0148074
0.017896
0.0140003
0.0113889
0.0105481
0.00598806
0.011024
0.0146581
0.015998
0.0167093
0.0122552
0.0113358
0.0182789
0.00891204
0.0156643
0.017404
0.021475
0.0202709
0.0161489
0.0123442
0.015233
0.00823592
0.0117878
0.0162046
0.0179749
0.0162551
0.0143006
0.0113019
0.0111438
0.0104287
0.00907466
0.0154164
0.0143776
0.0178909
0.0168148
0.0127186
0.00988251
0.0162515
0.0088326
0.0146949
0.0171811
0.0212029
0.0186648
0.0150787
0.011281
0.011329
0.00642783
0.0109112
0.0154398
0.017275
0.0161078
0.0133709
0.0104221
0.0125273
0.00783562
0.010886
0.0160918
0.0158832
0.0180539
0.0153172
0.0117492
0.0120677
0.00998573
0.0105233
0.0161942
0.0146492
0.0180306
0.0155266
0.0119987
0.00958835
0.00925771
0.00875981
0.0144598
0.0155007
0.01859
0.0150922
0.0117584
0.0106427
0.00751408
0.00975419
0.0147679
0.0148238
0.0172017
0.0135353
0.0112805
0.0122832
0.0068619
0.012488
0.0157751
0.0171639
0.0180987
0.0137622
0.0114994
0.0168235
0.00826128
0.0141673
0.0170996
0.0202649
0.0191901
0.0154789
0.0120524
0.014652
0.00807406
0.0114161
0.0161338
0.0175116
0.0168778
0.0147062
0.011592
0.0128555
0.0114638
0.0102104
0.0163228
0.0140114
0.0180085
0.016879
0.0129326
0.00962987
0.0153409
0.00833757
0.013665
0.0170422
0.0210116
0.0181362
0.0148407
0.0111838
0.0106848
0.006542
0.010663
0.0153574
0.0163675
0.0161395
0.0134372
0.0106013
0.0137651
0.0133942
0.0139003
0.0134518
0.0110333
0.00735473
0.00395713
0.00341363
0.00499479
0.00599847
0.00592761
0.00494408
0.00343468
0.00195592
0.00150619
0.00216386
0.00271536
0.0028271
0.0025325
0.00199907
0.00149444
0.00133809
0.00154125
0.00179755
0.00193491
0.00193895
0.00187464
0.00183079
0.00186321
0.0019627
0.00208247
0.00218436
0.0022574
0.00231179
0.00236442
0.00242619
0.00249743
0.00257136
0.00264074
0.00270214
0.00275634
0.00280622
0.00285414
0.0029007
0.00294494
0.00298542
0.00302118
0.00305211
0.00307865
0.00310132
0.00312037
