
Dual Residual: 
1
0.755397
0.223703
0.18737
0.154788
0.149509
0.17203
0.203289
0.229631
0.247518
0.258774
0.266132
0.270934
0.21554
0.177528
0.161488
0.155039
0.146911
0.137466
0.124752
0.0935725
0.0748253
0.0597825
0.0504898
0.0480355
0.0485463
0.0483253
0.0465548
0.0452521
0.046231
0.0486194
0.0499552
0.048538
0.0442996
0.0386871
0.0340262
0.0320747
0.0324832
0.0335591
0.0341949
0.0343498
0.0345613
0.0351434
0.0358024
0.035961
0.0352766
0.0338829
0.0322835
0.0310287
0.0303916
0.0302803
0.0304332
0.0306671
0.0309051
0.0311417
0.0313454
0.031399
0.0311694
0.0306093
0.0298073
0.0289538
0.0282496
0.0278105
0.0276285
0.027608
0.0276399
0.0276579
0.0236422
0.0207906
0.0180287
0.0160334
0.0144836
0.0133363
0.0124385
0.0117783
0.0113175
0.0111219
0.0111979
0.0115448
0.0120137
0.0124503
0.0126425
0.0126046
0.0124014
0.0122396
0.0121615
0.0122027
0.0122228
0.0121371
0.0117801
0.0112217
0.0105083
0.00985981
0.00932589
0.00891339
0.00859402
0.00830879
0.00796668
0.00748248
0.00684587
0.00638397
0.00681414
0.00667621
0.0143673
0.00804127
0.0620733
0.051091
0.0830088
0.0235271
0.013111
0.0315618
0.0286642
0.0418548
0.0170871
0.0182079
0.0298466
0.0165823
0.0251887
0.0268387
0.0273605
0.0154421
0.0138405
0.0256432
0.0141367
0.0388781
0.0324627
0.0507501
0.0162302
0.0160644
0.043101
0.0144214
0.0451412
0.0493845
0.0588349
0.0115733
0.0107736
0.0748747
0.0174105
0.0995624
0.0619421
0.0618395
0.0220686
0.0138957
0.0381269
0.0290794
0.0694902
0.0187664
0.0323984
0.0544201
0.0409985
0.0219554
0.0176881
0.0303481
0.0164767
0.0446761
0.0416678
0.0691643
0.0180217
0.0200461
0.0672096
0.0254915
0.0619452
0.045694
0.0453858
0.018191
0.0116421
0.0546001
0.0425834
0.14209
0.0267716
0.0329737
0.0673775
0.023303
0.0322926
0.0578114
0.0378276
0.0334419
0.0243037
0.0139413
0.0225255
0.0580367
0.0849252
0.0672871
0.0249211
0.0280632
0.0652106
0.0275876
0.0566611
0.057392
0.0598349
0.0189749
0.0170179
0.0938082
0.0210697
0.103588
0.102332
0.0983116
0.0223279
0.0205277
0.0904975
0.0282046
0.0762887
0.0606622
0.0604006
0.017192
0.0169721
0.114066
0.0514177
0.0768894
0.0219147
0.0201999
0.0805234
0.0482159
0.0509173
0.0175685
0.0164359
0.100607
0.0633876
0.0712136
0.0218634
0.0241877
0.0731784
0.062703
0.0400415
0.0161179
0.0198841
0.100999
0.0966154
0.0666351
0.0240311
0.0316062
0.0509239
0.0335409
0.0294489
0.0228044
0.0211915
0.025262
0.0246896
0.0321646
0.0214602
0.0330729
0.0466799
0.0480151
0.0311549
0.026193
0.0373067
0.0291887
0.0512407
0.0391878
0.0597092
0.0299011
0.0361255
0.06089
0.0406359
0.0456322
0.0398
0.0247729
0.0234152
0.0532948
0.0425085
0.11708
0.0437391
0.0715638
0.092407
0.056931
0.0372424
0.0450108
0.0530206
0.0654494
0.0615029
0.0523311
0.0367717
0.0436637
0.0633811
0.0576242
0.0616819
0.0408369
0.0336108
0.0656367
0.0488435
0.134355
0.0625799
0.11682
0.0979742
0.071192
0.0501189
0.0507092
0.0587453
0.0538619
0.0688243
0.0443324
0.0679209
0.102933
0.116963
0.0807712
0.0757654
0.0939451
0.0528471
0.0717859
0.13294
0.152812
0.139979
0.0704159
0.0788247
0.146082
0.0964744
0.126296
0.0913772
0.068974
0.0766468
0.0761018
0.0905686
0.076406
0.090593
0.0667803
0.0746043
0.121335
0.0806861
0.140451
0.14657
0.157759
0.0445896
0.0368231
0.527143
0.216911
1.01066
0.296272
0.24384
0.313332
0.211109
0.128189
0.16631
0.237491
0.287843
0.250623
0.158661
0.143661
0.219979
0.227434
0.236091
0.156136
0.103019
0.168888
0.232131
0.34032
0.238687
0.181554
0.145771
0.141891
0.149344
0.130214
0.120317
0.10665
0.0812046
0.0959248
0.227488
0.276737
0.642111
0.240705
0.297464
0.486863
0.163062
0.204733
0.546933
0.475355
0.542731
0.22565
0.214483
0.422548
0.35976
0.451504
0.293989
0.197091
0.257481
0.304337
0.828267
0.492578
1.00507
1.24767
0.402092
0.476426
0.417381
4.48957
2.51723
3.97745
4.97466
1.61387
1.30006
0.954598
1.80062
1.83351
2.57324
1.51448
1.31411
0.975235
1.68923
1.63727
2.35411
1.30441
1.25817
0.912274
1.99542
1.67358
2.61879
1.63365
1.46844
1.10266
1.71059
1.65769
2.31423
1.50942
1.56636
1.32285
1.96489
1.6733
2.03721
1.54608
1.78674
1.54158
1.98518
1.76216
2.15603
2.14593
2.36662
2.32795
2.39153
2.38662
2.41126
2.39532
2.37949
2.34164
2.2962
2.23607
2.1697
2.0972
2.02433
1.95214
1.88376
1.8195
1.76068
1.7068
1.65807
1.61353
1.57319
1.53659
1.50449
1.47691
1.45427
1.43545
1.41987
1.40626
1.39513
1.38631
1.38052
1.37626
1.37321
1.36988
1.36786
1.36678
1.368
1.3689
1.37028
1.37041
1.37281
1.3755
1.3802
1.38195
1.38384
1.3835
1.3869
1.38891
1.39248
1.39012
1.38902
1.38484
1.38634
1.38376
1.3835
1.37522
1.37218
1.36524
1.36733
1.36086
1.3594
1.3463
1.34548
1.33695
1.3433
1.33129
1.33142
1.31163
1.31919
1.30748
1.32451
1.29809
1.30699
1.2774
1.31245
1.28641
1.31851
1.25236
1.28549
1.22988
1.3207
1.24298
1.31552
1.17026
1.28834
1.16819
1.39778
1.16545
1.35432
1.04951
1.40376
1.07804
1.62731
1.06177
1.53951
1.00774
1.70577
0.997877
1.78814
1.10232
1.89593
1.13376
1.61936
1.01582
1.62115
0.924229
1.81148
1.05795
2.08389
1.28166
1.69107
1.15524
1.33332
0.788409
1.48689
1.07455
2.52085
1.48789
1.39875
1.39596
1.16131
0.858576
0.908879
1.38567
2.12275
1.54801
1.15597
0.949511
0.955892
1.30114
1.64044
1.41267
0.985096
0.696985
0.842334
1.76666
2.69854
1.61216
1.78118
1.21779
1.09953
0.704624
1.35643
1.48167
2.84738
1.87952
0.799281
1.31175
1.00056
2.8273
1.36916
1.38076
1.83142
1.29136
0.487876
0.561947
1.52068
5.955
3.18039
3.44029
2.67126
1.95842
1.6906
1.33684
1.1792
1.10036
1.34288
1.43356
1.40951
1.00899
0.726935
0.659485
1.74046
2.81993
2.29555
3.06441
1.60971
1.23831
1.30475
1.29973
1.34347
1.04691
0.866973
0.680628
1.45609
1.99758
2.63628
2.73633
1.47475
1.39385
1.13756
1.42733
1.07743
1.37975
0.926226
1.28397
0.696314
1.79523
0.990853
3.18908
2.95599
1.81699
2.86242
1.25985
1.10386
1.33691
2.06143
1.41583
1.00421
1.17178
1.02693
1.61969
0.909261
1.26078
1.34799
2.38857
1.17965
0.655898
1.48927
2.20606
3.68302
3.22068
1.67864
1.98297
1.58361
1.38348
1.04659
0.91965
0.953882
1.75923
1.86771
1.52044
2.29802
1.22902
0.886007
1.23868
1.90139
2.17915
1.47344
1.58275
1.11764
1.02117
0.485937
1.4596
1.93301
6.42735
5.65584
2.26457
3.34872
2.49868
1.87631
2.0929
1.80081
1.6508
1.38834
0.938438
0.65114
0.993734
2.78397
4.09281
3.05338
3.92599
2.60546
1.99857
2.03911
1.80243
1.83944
1.78028
1.49328
1.1837
0.848436
0.806928
1.52537
2.92518
2.46001
3.21261
2.72586
1.78965
1.9305
1.64024
1.69031
1.6849
1.49683
1.21148
0.859829
0.617222
1.28238
3.10261
4.61702
6.46792
7.74226
8.42852
8.75525
8.65491
8.33093
7.84955
7.2222
6.47876
5.68889
4.94334
4.31869
3.84191
3.47691
3.15128
2.80309
2.41213
2.00624
1.65391
1.44601
1.43894
1.56354
1.60326
1.40507
1.16463
1.11903
1.42739
1.81957
1.71616
1.36821
1.19924
1.25148
1.62043
1.71224
1.46004
1.18601
1.13712
1.5056
1.93298
1.80161
1.44347
1.25521
1.34182
1.74875
1.90294
11.837
18.7501
18.4912
15.0256
11.4502
8.88582
7.10777
5.73831
4.70881
4.16052
4.06421
4.14705
4.1948
4.17415
4.12355
4.0394
3.87155
3.59551
3.27152
3.02696
2.9489
2.98701
3.01448
2.95642
2.83311
2.71623
2.65482
2.63108
2.58884
2.49363
2.36151
2.24418
2.18491
2.18131
2.19492
2.19213
2.16728
2.13303
2.10016
2.06777
2.02802
1.97743
1.92272
1.87657
1.84742
1.83322
1.82477
1.81435
1.36355
1.07944
0.855417
0.924321
1.07222
1.29266
0.951953
0.773642
0.647397
1.1102
1.40665
1.51864
1.30108
0.726769
0.576438
0.726723
2.14806
2.08495
1.24927
2.20708
0.761032
0.918542
0.682163
2.31702
1.04704
1.47376
2.25537
1.30304
0.718119
0.761194
1.18714
2.43705
1.23903
1.39992
1.27194
1.21476
0.479075
0.612906
1.15483
4.76568
2.04828
2.57421
2.42896
1.31473
1.21039
1.149
1.46762
1.29153
1.26001
0.964808
0.886477
0.894425
1.59643
1.62532
1.42608
1.77508
0.986491
0.90039
0.757941
2.01199
1.66152
1.62136
2.63676
0.861856
0.831729
0.946475
3.16327
1.7898
1.28034
2.67939
1.1275
1.02853
1.29738
2.07738
1.25594
0.970264
1.05875
1.51693
1.65934
0.968372
1.12832
0.662099
2.15868
1.19846
3.13155
3.5803
1.27124
2.36314
1.41801
1.96384
1.56645
1.44742
1.1898
1.02738
0.924017
1.45633
1.88853
1.9413
1.9724
1.59408
1.29243
0.987486
1.0307
1.50925
2.2256
1.3618
1.54268
1.43774
1.49833
0.653002
0.651645
1.19509
5.71204
3.23553
3.60657
4.30124
2.62957
2.36676
2.1782
1.88262
1.84695
1.71575
1.45894
1.05286
0.822298
1.24593
2.58076
2.89423
2.58862
2.94479
1.98614
1.50227
1.33586
1.41633
1.79373
1.74125
1.14697
1.0648
0.79594
1.99257
1.93269
2.72048
3.68199
1.73404
2.06634
1.85525
1.72425
1.33671
1.32112
1.33193
1.65055
1.20546
0.934084
0.989322
1.95196
2.57933
1.77858
2.98789
1.92265
1.50036
1.93922
1.53139
1.47561
1.34792
1.33626
1.04687
1.05999
1.10834
2.07356
1.65694
1.52853
2.5974
1.37725
1.01617
1.72875
2.25194
2.12232
2.16693
1.59381
1.43435
1.25829
1.15218
1.0665
1.52299
1.71696
1.53146
1.77622
1.34162
1.15375
0.959371
1.42984
1.83403
2.00254
1.86793
1.62097
1.56518
1.30543
1.29404
4.79018
3.31905
3.10643
2.85708
2.6263
2.40719
2.18633
1.98143
1.81484
1.68944
1.59283
1.51321
1.44728
1.39839
1.37114
1.36616
1.37783
1.39605
1.44711
1.53411
1.59964
1.63634
1.65216
1.65728
1.65925
1.66197
1.66658
1.67265
1.67894
1.68391
1.68613
1.68473
1.67973
1.67202
1.66291
1.65346
1.64406
1.6345
1.62441
1.61388
1.60379
1.59552
1.59038
1.58894
1.59076
1.59459
1.59897
1.60276
1.60539
1.60675
1.60692
1.60592
1.60371
1.60036
1.59629
1.59236
1.58973
1.58941
1.59197
1.59723
1.60443
1.61255
1.62064
1.62812
1.61553
1.5523
1.51894
1.48374
1.44912
1.42704
1.67961
1.96262
2.13063
2.18713
2.16707
2.10576
2.02657
1.9423
1.86057
1.79694
1.74778
1.68684
1.63474
1.59161
1.54799
1.49695
1.43115
1.34788
1.2515
1.15247
1.0628
0.990138
0.931885
0.881185
0.829922
0.773796
0.715675
0.666783
0.635899
0.620515
0.610636
0.595341
0.571677
0.542569
0.518333
0.510967
0.524027
0.549348
0.574188
0.589698
0.594395
0.593285
0.594222
0.602915
0.619401
0.638677
0.654602
0.663707
0.666803
0.668111
0.672539
0.682517
0.696447
0.70986
0.71818
0.719124
0.71357
0.704749
0.696275
0.690025
0.685173
0.678992
0.668763
0.653505
0.634567
0.614872
0.597203
0.582496
0.569249
0.554497
0.535623
0.511842
0.484622
0.456941
0.431683
0.410009
0.390776
0.37153
0.350377
0.327506
0.305558
0.288537
0.279482
0.278318
0.281954
0.286634
0.290291
0.293368
0.298075
0.306661
0.319761
0.336001
0.353008
0.368847
0.382889
0.395801
0.408841
0.422895
0.437849
0.452627
0.465805
0.476336
0.48398
0.489265
0.493058
0.496008
0.498188
0.499107
0.498077
0.494662
0.488947
0.481498
0.473034
0.464027
0.454445
0.443811
0.431514
0.417197
0.400981
0.383436
0.365295
0.347108
0.329014
0.310787
0.292149
0.27315
0.25441
0.237072
0.222448
0.211505
0.20451
0.201109
0.20079
0.203341
0.208937
0.217834
0.229949
0.244693
0.26115
0.278418
0.295895
0.313343
0.330774
0.34823
0.365612
0.382626
0.398861
0.413933
0.427604
0.439817
0.450639
0.460158
0.46839
0.475256
0.480613
0.484343
0.486407
0.486872
0.48586
0.483486
0.479796
0.474754
0.468278
0.460306
0.450847
0.439994
0.427903
0.414732
0.400603
0.385588
0.369745
0.353169
0.336036
0.318613
0.30123
0.284222
0.267891
0.252494
0.238289
0.225595
0.214831
0.206493
0.201059
0.198849
0.199929
0.204109
0.21103
0.220272
0.231425
0.244096
0.2579
0.272437
0.287316
0.302177
0.316726
0.330744
0.344081
0.35663
0.368298
0.37899
0.388607
0.397062
0.404288
0.410248
0.41493
0.418331
0.420447
0.421262
0.420751
0.418896
0.415692
0.411162
0.405346
0.398302
0.390093
0.380779
0.370428
0.359116
0.34694
0.334024
0.320514
0.306575
0.29238
0.27811
0.263965
0.25017
0.236995
0.224761
0.213833
0.204598
0.197434
0.192665
0.19052
0.191099
0.194359
0.200117
0.208082
0.217886
0.229131
0.241426
0.254411
0.267776
0.28126
0.294643
0.307742
0.320398
0.332474
0.343849
0.354421
0.364103
0.372827
0.380536
0.387181
0.392719
0.397111
0.400326
0.402339
0.403137
0.402718
0.401089
0.398267
0.394274
0.389141
0.382906
0.375616
0.367328
0.35811
0.348038
0.337198
0.325683
0.313595
0.30105
0.288177
0.275126
0.262072
0.249211
0.236771
0.225002
0.214185
0.204618
0.19661
0.190453
0.186396
0.1846
0.185118
0.187876
0.192689
0.199292
0.207377
0.216623
0.226723
0.237392
0.248379
0.259459
0.270441
0.281159
0.29147
0.301252
0.310402
0.318827
0.32645
0.333203
0.339029
0.343883
0.347727
0.350535
0.35229
0.35298
0.352606
0.351171
0.348691
0.345185
0.340683
0.335222
0.328844
0.321602
0.313554
0.304768
0.29532
0.285301
0.274809
0.263962
0.252889
0.241742
0.230689
0.219925
0.209665
0.200149
0.191637
0.184393
0.178677
0.174713
0.172665
0.172613
0.17454
0.178331
0.183797
0.190697
0.198764
0.207733
0.217348
0.227378
0.237616
0.247878
0.258007
0.267864
0.277326
0.286291
0.294667
0.302376
0.309351
0.315535
0.320882
0.325353
0.328916
0.331551
0.33324
0.333975
0.333755
0.332584
0.330473
0.327439
0.323506
0.318703
0.313067
0.306642
0.299477
0.291632
0.283174
0.274178
0.26473
0.254927
0.244879
0.234709
0.224556
0.214575
0.204938
0.195836
0.187474
0.180067
0.173831
0.168965
0.165638
0.163963
0.163984
0.165668
0.168909
0.173541
0.179359
0.18614
0.193659
0.2017
0.210065
0.218577
0.227075
0.235422
0.243496
0.251193
0.258422
0.265104
0.271174
0.276575
0.28126
0.28519
0.288334
0.290669
0.292177
0.292849
0.292682
0.291677
0.289843
0.287196
0.283757
0.279553
0.274618
0.268994
0.262728
0.255876
0.248503
0.240681
0.232492
0.224029
0.215399
0.206719
0.198122
0.189757
0.181787
0.174389
0.167753
0.16207
0.157522
0.154271
0.152438
0.152088
0.153223
0.155779
0.159636
0.164631
0.170578
0.177284
0.184555
0.192213
0.200093
0.208046
0.215942
0.223665
0.231114
0.238201
0.24485
0.250994
0.256578
0.261551
0.265874
0.269514
0.272442
0.274639
0.27609
0.276786
0.276723
0.275904
0.274337
0.272035
0.269016
0.265304
0.26093
0.255929
0.250341
0.244216
0.237607
0.230576
0.223193
0.215535
0.207689
0.199754
0.191837
0.184058
0.176551
0.169458
0.162934
0.157135
0.152218
0.148329
0.145586
0.144076
0.143834
0.144848
0.147049
0.15033
0.15455
0.15955
0.165165
0.171235
0.177607
0.18414
0.190707
0.197197
0.203509
0.209557
0.215265
0.220566
0.225405
0.229732
0.233507
0.236697
0.239273
0.241214
0.242506
0.243139
0.243108
0.242415
0.241066
0.239072
0.236451
0.233223
0.229417
0.225066
0.220208
0.214888
0.209157
0.203074
0.196705
0.190124
0.183415
0.176669
0.169992
0.163497
0.157308
0.151559
0.146388
0.141934
0.138331
0.135694
0.134111
0.133634
0.134271
0.135986
0.138701
0.142309
0.14668
0.151674
0.15715
0.162972
0.16901
0.175149
0.181281
0.187312
0.19316
0.19875
0.204017
0.208907
0.213369
0.217363
0.220853
0.22381
0.226211
0.228037
0.229275
0.229917
0.229959
0.229401
0.22825
0.226516
0.224212
0.221359
0.21798
0.214103
0.209762
0.204996
0.199847
0.194367
0.18861
0.18264
0.176525
0.170343
0.164179
0.158126
0.152287
0.146768
0.141685
0.137154
0.133288
0.130191
0.127949
0.126626
0.126251
0.126819
0.12829
0.130593
0.133633
0.137297
0.141468
0.146025
0.150853
0.155843
0.160894
0.165916
0.170828
0.175558
0.180044
0.18423
0.188067
0.191516
0.194541
0.197113
0.199209
0.200809
0.201901
0.202476
0.202528
0.202059
0.201072
0.199576
0.197585
0.195114
0.192188
0.18883
0.185074
0.180955
0.176513
0.171797
0.166858
0.161756
0.156556
0.151332
0.146164
0.141138
0.13635
0.131897
0.127883
0.124408
0.121569
0.119448
0.118109
0.117593
0.11791
0.119039
0.120932
0.123518
0.126709
0.130404
0.1345
0.138896
0.143494
0.148201
0.152933
0.157615
0.162177
0.16656
0.170709
0.174577
0.178123
0.181312
0.184114
0.186503
0.188459
0.189966
0.191012
0.191589
0.191693
0.191324
0.190486
0.189186
0.187437
0.185252
0.18265
0.179655
0.176293
0.172596
0.168598
0.164339
0.159865
0.155224
0.150472
0.14567
0.140884
0.136186
0.131654
0.12737
0.123418
0.119883
0.116849
0.11439
0.112569
0.111433
0.111004
0.111283
0.112246
0.113846
0.116019
0.118687
0.121766
0.125168
0.128805
0.132595
0.136458
0.140324
0.144127
0.147809
0.151317
0.154607
0.157637
0.160373
0.162786
0.164851
0.166548
0.167859
0.168774
0.169285
0.169386
0.169077
0.168361
0.167244
0.165737
0.163854
0.161611
0.159029
0.156134
0.152955
0.149524
0.145878
0.142061
0.138117
0.1341
0.130065
0.126076
0.122197
0.118501
0.11506
0.11195
0.109245
0.107013
0.105315
0.104196
0.103688
0.1038
0.104522
0.105824
0.10766
0.109968
0.112679
0.115719
0.119013
0.122487
0.12607
0.129695
0.133303
0.136839
0.140252
0.143498
0.146538
0.149339
0.151869
0.154103
0.15602
0.157602
0.158835
0.159709
0.160215
0.160351
0.160115
0.15951
0.158542
0.157218
0.155552
0.153558
0.151253
0.14866
0.145804
0.142712
0.139416
0.135952
0.13236
0.128682
0.124967
0.121265
0.117633
0.11413
0.110816
0.107754
0.105008
0.102638
0.100696
0.0992298
0.0982717
0.0978405
0.100144
0.199058
0.309239
0.419724
0.527824
0.624274
0.702777
0.7619
0.803354
0.830251
0.846066
0.854017
0.856627
0.855477
0.851279
0.844258
0.834615
0.822804
0.809516
0.795475
0.781267
0.767321
0.753984
0.741558
0.730228
0.719936
0.710352
0.700996
0.691445
0.68151
0.671272
0.661001
0.651012
0.641564
0.632811
0.624801
0.617495
0.610774
0.60446
0.59835
0.592269
0.58611
0.579857
0.573575
0.567375
0.561373
0.555662
0.550289
0.545259
0.540536
0.536056
0.531745
0.527538
0.523387
0.519269
0.515186
0.51115
0.50718
0.503286
0.499471
0.495723
0.492021
0.488337
0.484643
0.480914
0.477134
0.473294
0.469394
0.465436
0.461425
0.457362
0.453247
0.449076
0.444844
0.440544
0.436172
0.43173
0.427221
0.422654
0.418042
0.413399
0.408741
0.404083
0.399437
0.394817
0.390234
0.385699
0.381223
0.376818
0.372497
0.368273
0.364159
0.360169
0.356313
0.352601
0.349038
0.345629
0.342374
0.339272
0.336318
0.333508
0.330836
0.328293
0.32587
0.323557
0.321342
0.319212
0.317153
0.315149
0.313187
0.311249
0.30932
0.307385
0.305429
0.303438
0.3014
0.299303
0.297138
0.294895
0.292567
0.29015
0.287638
0.285031
0.282327
0.27953
0.276643
0.273672
0.270624
0.267509
0.264336
0.26112
0.257872
0.254607
0.251342
0.248091
0.244873
0.241704
0.238601
0.235583
0.232664
0.22986
0.227187
0.224657
0.22228
0.220065
0.21802
0.216146
0.214447
0.212918
0.211558
0.210357
0.209307
0.208395
0.207607
0.206928
0.20634
0.205825
0.205363
0.204934
0.204518
0.204096
0.203648
0.203156
0.202603
0.201972
0.201248
0.200419
0.199474
0.198402
0.197196
0.19585
0.194362
0.192729
0.190953
0.189036
0.186983
0.184801
0.182498
0.180085
0.177575
0.174981
0.172321
0.169612
0.166872
0.164122
0.161382
0.158676
0.156025
0.153452
0.150979
0.148627
0.146416
0.144365
0.142489
0.140803
0.139316
0.138036
0.136964
0.136101
0.135441
0.134975
0.134692
0.134575
0.134606
0.134765
0.135028
0.135372
0.135774
0.136207
0.136648
0.137073
0.137459
0.137786
0.138033
0.138183
0.138219
0.138127
0.137896
0.137515
0.136976
0.136273
0.135404
0.134366
0.13316
0.13179
0.130259
0.128576
0.126748
0.124788
0.122709
0.120525
0.118255
0.115916
0.113531
0.111122
0.108713
0.10633
0.103999
0.101748
0.0996043
0.0975951
0.0957465
0.0940828
0.0926255
0.0913927
0.0903979
0.0896497
0.0891512
0.0888995
0.0888861
0.089097
0.0895134
0.0901126
0.0908685
0.0917532
0.0927372
0.0937907
0.0948842
0.0959888
0.0970772
0.0981237
0.0991043
0.0999971
0.100783
0.101443
0.101963
0.10233
0.102532
0.10256
0.102409
0.102073
0.101549
0.100837
0.0999371
0.0988539
0.0975918
0.096158
0.0945616
0.0928134
0.0909267
0.0889163
0.0867996
0.0845958
0.0823264
0.0800153
0.0776884
0.075374
0.0731025
0.070906
0.0688183
0.0668737
0.0651066
0.0635501
0.0622345
0.0611856
0.0604232
0.0599593
0.0597974
0.0599319
0.0603483
0.0610243
0.0619316
0.0630371
0.064305
0.0656985
0.0671811
0.0649944
0.0646345
0.0666538
0.069406
0.0724833
0.0754412
0.0780164
0.0801261
0.0817856
0.0830357
0.0839102
0.0844358
0.0846456
0.0845864
0.0843125
0.0838706
0.0832873
0.0825674
0.0817029
0.0806845
0.0795079
0.0781732
0.0766821
0.0750364
0.07324
0.071303
0.0692428
0.0670833
0.0648518
0.0625785
0.0602964
0.0580433
0.0558607
0.0537915
0.0518759
0.0501485
0.0486377
0.0473673
0.0463577
0.0456267
0.0451878
0.0450488
0.0452093
0.0456603
0.0463837
0.0473527
0.0485329
0.0498847
0.0513652
0.0529315
0.0545429
0.0561622
0.0577568
0.0592988
0.0607646
0.0621345
0.0633917
0.0645217
0.065512
0.0663516
0.067031
0.067542
0.0678779
0.0680338
0.0680062
0.0677935
0.0673954
0.0668137
0.0660515
0.0651134
0.0640056
0.0627356
0.0613123
0.0597464
0.0580501
0.0562376
0.054325
0.052331
0.0502765
0.0481853
0.0460844
0.0440042
0.0419786
0.0400457
0.0382472
0.0366278
0.0352339
0.0341106
0.0332981
0.0328268
0.0327134
0.0329578
0.0335431
0.034438
0.0356006
0.0369839
0.0385392
0.0402198
0.0419822
0.0437875
0.045601
0.0473927
0.0491363
0.0508089
0.0523908
0.0538648
0.0552163
0.0564326
0.0575029
0.0584181
0.0591708
0.059755
0.0601661
0.0604007
0.0604569
0.0603338
0.060032
0.0595529
0.0588992
0.0580748
0.0570847
0.055935
0.0546331
0.0531874
0.051608
0.0499059
0.048094
0.0461868
0.0442007
0.0421542
0.0400686
0.0379684
0.0358815
0.0338403
0.0318822
0.0300499
0.0283914
0.0269585
0.0258043
0.0249769
0.0245134
0.0244323
0.0247291
0.0253769
0.0263316
0.0275393
0.0289433
0.0304895
0.0321288
0.0338186
0.0355221
0.0372083
0.0388508
0.0404274
0.0419191
0.0433101
0.0445866
0.0457372
0.0467522
0.0476236
0.0483446
0.0489101
0.0493161
0.0495598
0.0496394
0.0495544
0.0493052
0.0488933
0.0483211
0.0475923
0.0467114
0.0456839
0.0445167
0.0432175
0.0417955
0.0402611
0.0386264
0.036905
0.0351128
0.0332682
0.0313927
0.0295114
0.0276546
0.0258579
0.0241642
0.022624
0.0212947
0.0202378
0.0195123
0.0191648
0.019218
0.019665
0.0204705
0.02158
0.0229313
0.0244629
0.0261196
0.027854
0.0296264
0.0314039
0.0331593
0.0348697
0.036516
0.038082
0.0395541
0.0409204
0.0421708
0.0432967
0.044291
0.0451474
0.0458611
0.0464281
0.0468453
0.0471106
0.047223
0.0471821
0.0469883
0.0466432
0.0461489
0.0455085
0.0447258
0.0438054
0.042753
0.0415751
0.0402789
0.0388727
0.0373662
0.0357698
0.0340956
0.0323572
0.0305702
0.0287528
0.026926
0.0251147
0.023349
0.0216649
0.0201057
0.0187224
0.0175723
0.0167145
0.0162004
0.0160622
0.0163023
0.0168925
0.0177811
0.018906
0.020205
0.0216225
0.0231111
0.024632
0.0261537
0.0276504
0.0291011
0.0304884
0.0317979
0.0330174
0.0341366
0.0351471
0.0360417
0.0368143
0.03746
0.0379751
0.0383566
0.0386024
0.0387113
0.038683
0.0385179
0.0382173
0.0377831
0.037218
0.0365258
0.0357108
0.0347782
0.0337342
0.0325857
0.0313411
0.0300094
0.0286015
0.0271296
0.0256081
0.0240539
0.0224871
0.0209321
0.0194187
0.0179836
0.0166716
0.0155362
0.0146372
0.0140341
0.0137744
0.0138801
0.0143405
0.0151152
0.0161469
0.0173746
0.0187418
0.0202005
0.0217113
0.0232425
0.0247683
0.0262677
0.0277235
0.0291213
0.0304487
0.0316955
0.0328527
0.0339128
0.0348692
0.0357164
0.0364498
0.0370654
0.0375603
0.0379321
0.0381794
0.0383011
0.038297
0.0381677
0.0379142
0.0375384
0.0370425
0.0364296
0.0357036
0.0348688
0.0339303
0.0328938
0.0317661
0.0305545
0.0292673
0.027914
0.0265052
0.025053
0.0235713
0.0220766
0.020588
0.0191285
0.017726
0.0164141
0.015233
0.0142288
0.0134511
0.0129459
0.0127458
0.0128603
0.0132717
0.0139406
0.0148161
0.0158456
0.0169813
0.0181823
0.0194155
0.0206536
0.0218748
0.0230614
0.0241987
0.0252745
0.0262787
0.0272029
0.0280399
0.0287836
0.0294293
0.0299727
0.0304107
0.0307408
0.0309614
0.0310713
0.0310702
0.0309584
0.0307369
0.0304072
0.0299717
0.0294332
0.0287952
0.0280621
0.0272388
0.0263311
0.0253458
0.0242903
0.0231737
0.0220059
0.020799
0.0195669
0.0183263
0.0170973
0.0159044
0.0147774
0.0137525
0.0128721
0.0121825
0.011729
0.0115465
0.0116506
0.0120319
0.0126597
0.0134905
0.0144776
0.0155773
0.0167521
0.0179709
0.0192081
0.0204432
0.021659
0.0228414
0.0239786
0.0250606
0.0260788
0.0270259
0.0278956
0.0286825
0.029382
0.0299902
0.0305039
0.0309206
0.0312383
0.0314557
0.031572
0.031587
0.0315009
0.0313146
0.0310296
0.0306477
0.0301714
0.0296038
0.0289483
0.0282092
0.0273911
0.0264995
0.0255404
0.0245205
0.0234476
0.0223303
0.0211785
0.0200033
0.0188178
0.0176372
0.0164794
0.0153656
0.0143209
0.0133746
0.0125598
0.0119114
0.0114623
0.0112372
0.0112467
0.0114839
0.0119255
0.0125382
0.0132843
0.0141275
0.0150353
0.01598
0.0169386
0.0178922
0.0188252
0.0197247
0.0205799
0.0213819
0.0221232
0.0227975
0.0233994
0.0239246
0.0243695
0.0247312
0.0250075
0.0251969
0.0252984
0.0253115
0.0252365
0.025074
0.0248254
0.0244925
0.0240775
0.0235836
0.0230142
0.0223735
0.0216665
0.0208988
0.0200768
0.0192082
0.0183015
0.0173668
0.0164161
0.0154634
0.0145251
0.0136213
0.0127754
0.0120147
0.0113701
0.0108734
0.0105543
0.0104347
0.0105235
0.0108147
0.0112886
0.0119169
0.0126681
0.0135113
0.0144188
0.0153667
0.0163349
0.0173066
0.0182676
0.0192061
0.0201122
0.0209773
0.021794
0.0225562
0.0232583
0.0238957
0.0244645
0.0249613
0.0253834
0.0257285
0.0259949
0.0261814
0.0262873
0.0263122
0.0262565
0.0261207
0.0259059
0.0256136
0.025246
0.0248053
0.0242946
0.0237172
0.023077
0.0223785
0.0216267
0.0208271
0.0199862
0.019111
0.0182097
0.0172913
0.0163663
0.0154467
0.0145464
0.0136814
0.0128699
0.0121328
0.0114925
0.0109721
0.0105931
0.0103722
0.0103179
0.0104289
0.0106935
0.0110922
0.0116012
0.0121954
0.0128508
0.013546
0.0142622
0.0149834
0.0156962
0.0163892
0.0170529
0.0176793
0.0182615
0.018794
0.0192718
0.0196911
0.0200485
0.0203415
0.0205679
0.0207264
0.020816
0.0208361
0.020787
0.020669
0.0204833
0.0202312
0.0199148
0.0195366
0.0190995
0.0186071
0.0180636
0.0174738
0.0168433
0.0161785
0.0154869
0.014777
0.0140588
0.0133439
0.0126456
0.0119796
0.0113637
0.0108174
0.0103618
0.0100176
0.00980266
0.00972984
0.00980405
0.0100215
0.0103706
0.0108341
0.0113918
0.0120232
0.0127087
0.0134307
0.0141739
0.0149248
0.0156721
0.0164058
0.0171176
0.0178001
0.0184471
0.0190532
0.0196136
0.0201244
0.020582
0.0209836
0.0213266
0.0216092
0.0218298
0.0219874
0.0220811
0.0221107
0.0220763
0.0219784
0.0218178
0.0215957
0.0213138
0.0209741
0.0205789
0.020131
0.0196338
0.0190907
0.0185061
0.0178845
0.0172311
0.0165519
0.0158533
0.0151428
0.0144287
0.0137203
0.0130282
0.0123643
0.0117417
0.0111747
0.0106782
0.0102674
0.00995575
0.009754
0.00966836
0.00969938
0.00984172
0.0100849
0.0104148
0.0108155
0.0112705
0.0117641
0.0122821
0.0128116
0.0133415
0.0138622
0.0143654
0.0148441
0.0152921
0.0157044
0.0160768
0.0164054
0.0166874
0.0169204
0.0171024
0.0172321
0.0173086
0.0173313
0.0173002
0.0172157
0.0170785
0.0168899
0.0166515
0.0163655
0.0160342
0.0156609
0.0152489
0.0148025
0.0143265
0.0138261
0.0133078
0.0127786
0.0122467
0.0117214
0.0112132
0.0107338
0.010296
0.00991349
0.0095999
0.00936809
0.00922877
0.00918913
0.00925184
0.00941463
0.00967071
0.0100098
0.0104195
0.0108865
0.0113975
0.0119401
0.0125029
0.0130756
0.0136492
0.0142158
0.0147683
0.0153008
0.0158078
0.0162848
0.0167276
0.0171329
0.0174975
0.0178189
0.0180951
0.0183242
0.0185049
0.0186362
0.0187174
0.0187482
0.0187286
0.0186589
0.0185398
0.0183723
0.0181577
0.0178976
0.0175939
0.017249
0.0168655
0.0164464
0.0159951
0.0155155
0.0150118
0.0144888
0.0139517
0.0134064
0.0128594
0.0123179
0.0117899
0.0112839
0.0108092
0.0103756
0.00999296
0.00967097
0.00941818
0.00924142
0.00914489
0.00912968
0.00919348
0.00933083
0.00953374
0.00979248
0.0100965
0.010435
0.0107976
0.0111748
0.0115578
0.0119388
0.0123109
0.0126681
0.0130052
0.0133177
0.0136018
0.0138542
0.0140723
0.0142539
0.0143972
0.014501
0.0145643
0.0145865
0.0145677
0.014508
0.0144081
0.0142689
0.0140918
0.0138785
0.0136312
0.0133524
0.0130451
0.0127128
0.0123593
0.0119894
0.0116081
0.0112211
0.0108349
0.0104568
0.0100946
0.00975686
0.00945241
0.00919038
0.00897953
0.00882772
0.00874122
0.00872413
0.00877788
0.00890112
0.00908988
0.00933808
0.0096381
0.00998149
0.0103595
0.0107636
0.0111856
0.0116178
0.0120535
0.0124864
0.0129108
0.0133219
0.0137152
0.0140868
0.0144333
0.0147517
0.0150395
0.0152944
0.0155145
0.0156984
0.0158449
0.0159529
0.016022
0.0160517
0.0160421
0.0159933
0.0159058
0.0157804
0.0156182
0.0154205
0.0151888
0.0149251
0.0146314
0.0143103
0.0139645
0.0135972
0.0132116
0.0128117
0.0124017
0.011986
0.0115697
0.0111583
0.0107574
0.0103734
0.0100128
0.00968201
0.00938776
0.00913619
0.00893276
0.0087818
0.00868613
0.00864679
0.00866285
0.00873151
0.0088483
0.0090075
0.0092025
0.0094263
0.00967178
0.00993207
0.0102007
0.0104715
0.0107392
0.0109989
0.0112462
0.0114773
0.011689
0.0118785
0.0120434
0.0121817
0.0122919
0.0123727
0.0124234
0.0124435
0.0124327
0.0123912
0.0123194
0.0122183
0.0120887
0.0119323
0.0117507
0.011546
0.0113207
0.0110777
0.0108202
0.0105518
0.0102767
0.00999927
0.00972456
0.00945791
0.00920503
0.00897189
0.00876455
0.00858895
0.00845061
0.00835432
0.00830379
0.00830139
0.00834791
0.00844254
0.00858294
0.00876546
0.00898544
0.00923756
0.00951613
0.00981534
0.0101295
0.0104532
0.0107812
0.0111089
0.0114318
0.0117462
0.0120483
0.012335
0.0126035
0.0128513
0.0130763
0.0132764
0.0134502
0.0135964
0.0137138
0.0138016
0.0138593
0.0138866
0.0138833
0.0138497
0.0137861
0.013693
0.0135713
0.0134221
0.0132466
0.0130464
0.0128231
0.0125788
0.0123156
0.0120361
0.011743
0.0114392
0.011128
0.0108129
0.0104976
0.0101863
0.0098831
0.00959244
0.00931881
0.0090667
0.00884045
0.0086441
0.00848114
0.00835437
0.00826568
0.00821589
0.00820468
0.00823062
0.00829123
0.00838316
0.00850237
0.00864442
0.00880461
0.0089782
0.00916056
0.00934728
0.00953424
0.00971764
0.00989406
0.0100604
0.010214
0.0103525
0.0104739
0.0105765
0.010659
0.0107202
0.0107595
0.0107763
0.0107704
0.0107419
0.0106912
0.0106188
0.0105257
0.0104129
0.0102819
0.0101344
0.00997239
0.00979809
0.00961408
0.00942321
0.00922863
0.00903374
0.00884223
0.00865796
0.00848498
0.00832736
0.00818916
0.0080742
0.00798598
0.00792742
0.00790076
0.00790739
0.00794777
0.00802141
0.00812692
0.00826206
0.00842399
0.00860931
0.00881436
0.00903524
0.00926807
0.00950898
0.00975429
0.0100005
0.0102442
0.0104825
0.0107125
0.0109318
0.011138
0.011329
0.0115032
0.0116588
0.0117947
0.0119096
0.0120027
0.0120732
0.0121207
0.0121447
0.0121454
0.0121226
0.0120767
0.0120081
0.0119175
0.0118057
0.0116737
0.0115227
0.011354
0.0111693
0.0109703
0.010759
0.0105373
0.0103078
0.0100728
0.00983494
0.00959712
0.00936225
0.00913337
0.0089136
0.00870605
0.00851376
0.00833965
0.00818636
0.00805619
0.00795095
0.00787192
0.00781973
0.00779431
0.00779494
0.00782022
0.0078682
0.00793643
0.00802213
0.00812224
0.00823363
0.00835309
0.00847751
0.00860389
0.00872941
0.00885145
0.00896764
0.00907583
0.00917413
0.00926091
0.00933478
0.00939459
0.00943944
0.00946867
0.00948182
0.00947871
0.00945933
0.00942393
0.00937297
0.00930712
0.00922727
0.00913453
0.00903023
0.0089159
0.0087933
0.00866439
0.00853133
0.00839645
0.00826227
0.00813142
0.00800665
0.00789075
0.00778646
0.00769647
0.00762325
0.00756899
0.00753554
0.00752425
0.00753596
0.00757095
0.00762893
0.00770904
0.0078099
0.00792974
0.0080664
0.00821749
0.00838043
0.00855257
0.00873122
0.00891376
0.00909762
0.00928038
0.00945973
0.00963354
0.00979982
0.00995678
0.0101028
0.0102364
0.0103564
0.0104615
0.010551
0.010624
0.0106799
0.0107183
0.010739
0.0107417
0.0107265
0.0106936
0.0106434
0.0105764
0.0104931
0.0103944
0.0102812
0.0101545
0.0100157
0.00986599
0.00970695
0.00954019
0.00936746
0.00919063
0.00901168
0.00883268
0.00865576
0.0084831
0.00831689
0.0081593
0.00801241
0.00787818
0.00775837
0.00765452
0.00756784
0.00749919
0.00744905
0.00741746
0.00740405
0.00740804
0.00742828
0.00746329
0.00751133
0.00757045
0.00763858
0.00771358
0.00779331
0.00787564
0.00795856
0.00804014
0.00811861
0.00819232
0.00825983
0.00831984
0.00837125
0.00841313
0.00844475
0.00846555
0.00847514
0.00847334
0.00846011
0.00843563
0.00840022
0.00835438
0.0082988
0.0082343
0.00816189
0.00808273
0.00799814
0.00790957
0.0078186
0.00772693
0.00763637
0.00754877
0.00746602
0.00739004
0.00732265
0.00726564
0.00722058
0.0071889
0.00717174
0.00716995
0.00718406
0.00721423
0.00726028
0.00732168
0.00739757
0.00748682
0.00758803
0.00769965
0.00781995
0.00794714
0.00807937
0.00821479
0.00835155
0.00848789
0.0086221
0.00875259
0.00887783
0.00899645
0.00910717
0.00920886
0.00930048
0.00938117
0.00945015
0.0095068
0.00955062
0.00958124
0.00959841
0.00960201
0.00959205
0.00956865
0.00953207
0.00948266
0.00942092
0.00934745
0.00926296
0.00916829
0.00906436
0.00895221
0.00883299
0.00870792
0.00857831
0.00844556
0.00831113
0.00817652
0.00804327
0.00791294
0.00778707
0.00766718
0.00755469
0.00745094
0.00735714
0.00727431
0.00720329
0.00714468
0.00709882
0.00706581
0.00704546
0.00703735
0.00704077
0.00705485
0.00707848
0.00711044
0.00714938
0.00719389
0.00724251
0.00729378
0.00734629
0.00739867
0.00744962
0.00749795
0.00754257
0.00758249
0.00761688
0.00764501
0.0076663
0.0076803
0.00768669
0.00768531
0.00767612
0.00765921
0.00763481
0.0076033
0.00756516
0.007521
0.00747157
0.00741771
0.00736039
0.00730064
0.00723961
0.00717851
0.00711858
0.00706113
0.00700745
0.00695882
0.00691647
0.00688157
0.00685515
0.00683811
0.0068312
0.00683494
0.00684968
0.00687551
0.00691232
0.00695977
0.00701731
0.0070842
0.00715954
0.00724229
0.00733132
0.00742539
0.00752322
0.00762353
0.00772501
0.00782638
0.0079264
0.00802387
0.00811769
0.00820678
0.00829018
0.00836701
0.00843647
0.00849786
0.00855058
0.00859411
0.00862807
0.00865212
0.00866608
0.00866981
0.00866332
0.00864668
0.00862007
0.00858376
0.00853812
0.0084836
0.00842074
0.00835016
0.00827257
0.00818875
0.00809955
0.0080059
0.00790876
0.00780917
0.00770818
0.0076069
0.00750642
0.00740786
0.00731231
0.00722082
0.00713439
0.00705395
0.00698033
0.00691423
0.00685623
0.00680677
0.0067661
0.00673432
0.00671135
0.00669696
0.00669074
0.00669215
0.0067005
0.00671502
0.00673483
0.00675901
0.00678659
0.00681658
0.00684801
0.00687992
0.0069114
0.0069416
0.0069697
0.00699502
0.0070169
0.00703481
0.00704831
0.00705704
0.00706076
0.00705932
0.00705267
0.00704089
0.00702411
0.0070026
0.0069767
0.00694685
0.00691359
0.0068775
0.00683929
0.00679967
0.00675946
0.0067195
0.00668064
0.00664379
0.0066098
0.00657956
0.00655386
0.00653349
0.0065191
0.00651131
0.00651056
0.00651722
0.00653148
0.00655342
0.00658296
0.00661986
0.00666378
0.00671423
0.0067706
0.00683222
0.00689829
0.006968
0.00704045
0.00711474
0.00718995
0.00726517
0.0073395
0.00741207
0.00748204
0.00754863
0.00761112
0.00766881
0.00772112
0.00776749
0.00780744
0.0078406
0.00786662
0.00788526
0.00789634
0.00789977
0.00789552
0.00788364
0.00786426
0.00783756
0.00780383
0.0077634
0.00771666
0.00766409
0.0076062
0.00754358
0.00747687
0.00740673
0.00733389
0.0072591
0.00718312
0.00710676
0.0070308
0.00695604
0.00688325
0.00681317
0.0067465
0.0066839
0.00662594
0.00657312
0.00652584
0.00648443
0.00644908
0.00641988
0.00639682
0.00637977
0.00636849
0.00636264
0.00636182
0.00636553
0.0063732
0.00638424
0.00639799
0.00641382
0.00643104
0.00644902
0.00646711
0.00648471
0.00650127
0.00651626
0.00652923
0.00653979
0.00654759
0.0065524
0.006554
0.00655229
0.00654721
0.00653881
0.00652718
0.0065125
0.006495
0.00647499
0.00645284
0.00642896
0.00640385
0.00637799
0.00635196
0.00632631
0.00630166
0.00627858
0.00625768
0.00623954
0.00622468
0.00621362
0.0062068
0.0062046
0.00620733
0.0062152
0.00622836
0.00624683
0.00627056
0.0062994
0.00633311
0.00637136
0.00641376
0.00645983
0.00650904
0.00656082
0.00661456
0.00666963
0.00672537
0.00678113
0.00683628
0.00689018
0.00694221
0.0069918
0.00703841
0.00708152
0.00712068
0.00715548
0.00718555
0.00721058
0.00723031
0.00724456
0.00725317
0.00725607
0.00725321
0.00724464
0.00723044
0.00721075
0.00718576
0.00715571
0.00712091
0.00708169
0.00703845
0.0069916
0.00694162
0.00688899
0.00683425
0.00677794
0.00672061
0.00666284
0.0066052
0.00654825
0.00649255
0.00643862
0.00638696
0.00633803
0.00629223
0.00624994
0.00621143
0.00617694
0.00614663
0.00612057
0.00609879
0.00608122
0.00606772
0.0060581
0.0060521
0.00604941
0.00604967
0.00605249
0.00605745
0.00606412
0.00607205
0.0060808
0.00608994
0.00609905
0.00610774
0.00611566
0.00612246
0.00612788
0.00613168
0.00613365
0.00613367
0.00613163
0.0061275
0.00612129
0.00611307
0.00610295
0.0060911
0.00607771
0.00606305
0.00604739
0.00603107
0.00601443
