
Objective value: 
3.96829e-05
3.92805e-05
3.92316e-05
3.9185e-05
3.91424e-05
3.91041e-05
3.90692e-05
3.90369e-05
3.90068e-05
3.89786e-05
3.89523e-05
3.89279e-05
3.89054e-05
3.88784e-05
3.885e-05
3.8822e-05
3.87949e-05
3.87686e-05
3.87428e-05
3.87174e-05
3.86951e-05
3.86729e-05
3.86496e-05
3.86261e-05
3.86018e-05
3.85768e-05
3.85524e-05
3.85282e-05
3.85035e-05
3.84779e-05
3.8452e-05
3.84264e-05
3.84009e-05
3.83749e-05
3.83479e-05
3.83196e-05
3.82899e-05
3.82592e-05
3.82291e-05
3.82001e-05
3.81713e-05
3.81422e-05
3.81128e-05
3.80834e-05
3.80542e-05
3.8025e-05
3.79955e-05
3.79653e-05
3.79344e-05
3.79029e-05
3.78711e-05
3.78394e-05
3.7808e-05
3.77767e-05
3.77455e-05
3.77141e-05
3.76827e-05
3.76512e-05
3.76194e-05
3.75872e-05
3.75544e-05
3.7521e-05
3.74871e-05
3.7453e-05
3.74188e-05
3.73847e-05
3.73506e-05
3.73171e-05
3.72835e-05
3.72419e-05
3.71989e-05
3.71518e-05
3.71029e-05
3.70517e-05
3.6999e-05
3.69446e-05
3.6889e-05
3.68328e-05
3.67777e-05
3.67249e-05
3.66751e-05
3.66269e-05
3.65785e-05
3.65272e-05
3.64728e-05
3.64154e-05
3.63569e-05
3.62981e-05
3.62398e-05
3.61804e-05
3.61183e-05
3.60504e-05
3.59757e-05
3.58926e-05
3.58038e-05
3.57102e-05
3.56129e-05
3.55118e-05
3.54055e-05
3.52892e-05
3.51551e-05
3.49944e-05
3.48232e-05
3.47123e-05
3.45531e-05
3.47375e-05
3.44129e-05
3.47603e-05
3.46994e-05
3.46878e-05
3.45199e-05
3.43151e-05
3.44162e-05
3.43423e-05
3.4334e-05
3.41238e-05
3.40627e-05
3.40814e-05
3.38882e-05
3.39082e-05
3.38492e-05
3.37872e-05
3.35717e-05
3.34373e-05
3.35113e-05
3.32541e-05
3.34142e-05
3.3321e-05
3.33235e-05
3.30174e-05
3.29181e-05
3.30517e-05
3.26911e-05
3.28933e-05
3.28418e-05
3.28067e-05
3.22799e-05
3.20987e-05
3.25028e-05
3.21149e-05
3.23725e-05
3.22761e-05
3.22228e-05
3.19442e-05
3.16412e-05
3.18641e-05
3.17187e-05
3.18033e-05
3.14193e-05
3.15021e-05
3.15215e-05
3.14069e-05
3.11482e-05
3.094e-05
3.10238e-05
3.06598e-05
3.09e-05
3.0804e-05
3.08243e-05
3.03499e-05
3.0279e-05
3.05054e-05
3.01797e-05
3.03256e-05
3.01926e-05
3.01156e-05
2.96647e-05
2.9159e-05
2.97317e-05
2.95833e-05
2.97053e-05
2.92825e-05
2.92605e-05
2.93423e-05
2.89133e-05
2.89416e-05
2.90045e-05
2.88062e-05
2.86635e-05
2.83937e-05
2.78126e-05
2.79839e-05
2.82231e-05
2.82259e-05
2.81134e-05
2.76555e-05
2.7581e-05
2.77538e-05
2.73351e-05
2.75048e-05
2.74138e-05
2.73397e-05
2.66451e-05
2.63473e-05
2.69541e-05
2.61915e-05
2.67224e-05
2.66429e-05
2.6571e-05
2.5859e-05
2.56031e-05
2.61065e-05
2.55299e-05
2.58372e-05
2.56748e-05
2.55822e-05
2.46155e-05
2.43496e-05
2.5148e-05
2.48247e-05
2.48752e-05
2.40397e-05
2.37458e-05
2.43433e-05
2.40393e-05
2.39607e-05
2.29053e-05
2.25236e-05
2.34872e-05
2.32311e-05
2.31918e-05
2.22362e-05
2.21105e-05
2.26024e-05
2.24236e-05
2.20664e-05
2.0819e-05
2.07848e-05
2.16742e-05
2.1562e-05
2.13432e-05
2.03952e-05
2.04361e-05
2.05622e-05
2.00654e-05
1.97242e-05
1.90966e-05
1.86358e-05
1.85172e-05
1.81366e-05
1.81898e-05
1.72702e-05
1.75923e-05
1.76461e-05
1.74966e-05
1.68339e-05
1.62943e-05
1.64126e-05
1.57801e-05
1.61689e-05
1.56502e-05
1.58487e-05
1.4844e-05
1.4837e-05
1.50535e-05
1.44613e-05
1.43699e-05
1.39358e-05
1.28933e-05
1.23339e-05
1.30984e-05
1.25629e-05
1.32022e-05
1.22472e-05
1.25392e-05
1.25038e-05
1.19954e-05
1.12805e-05
1.12093e-05
1.1097e-05
1.10846e-05
1.08322e-05
1.04671e-05
9.75162e-06
9.67018e-06
9.78064e-06
9.47946e-06
9.34805e-06
8.62143e-06
8.02691e-06
8.50763e-06
7.92572e-06
8.55219e-06
7.85671e-06
8.1705e-06
7.91266e-06
7.55656e-06
7.01211e-06
6.76911e-06
6.65642e-06
6.33937e-06
6.36333e-06
0.000110685
0.000122737
0.000127502
0.00012541
0.000107245
9.74067e-05
9.61697e-05
6.73733e-05
7.10395e-05
7.91918e-05
7.77404e-05
7.26524e-05
5.2501e-05
4.98234e-05
5.60577e-05
4.5113e-05
4.63682e-05
3.69521e-05
2.81163e-05
2.56751e-05
2.16121e-05
2.09764e-05
1.5901e-05
1.54586e-05
9.66698e-06
8.79611e-06
1.04307e-05
6.22343e-06
8.31366e-06
7.26375e-06
6.80309e-06
-0.000446617
0.000155292
0.000152799
4.39121e-05
0.000133997
5.6691e-05
3.61084e-05
3.56533e-05
2.12634e-05
-4.85645e-05
-4.96378e-05
-2.38756e-05
-3.61697e-05
7.89591e-06
6.28116e-05
0.000127377
9.45113e-05
0.000127687
0.000157708
4.58579e-06
8.88233e-06
6.92925e-06
6.71954e-06
6.11051e-06
8.17201e-06
1.10102e-05
1.45957e-05
1.65436e-05
1.8762e-05
2.79115e-05
5.37789e-05
0.000120646
0.000447402
0.0005218
0.000188501
0.000193878
0.000124904
0.000372926
0.000369114
0.000325003
0.000427029
0.000505046
0.000484133
0.000572276
0.000590954
7.1328e-05
3.06225e-05
8.58822e-05
3.61613e-05
3.82018e-05
7.17658e-05
27.0984
16.2039
50.0294
0.00188553
9.49
0.00461093
0.000774793
163.495
184.223
286.907
78.1299
107.57
108.908
117.481
181.734
224.852
288.394
260.732
281.168
284.071
338.593
378.863
443.269
420.358
445.635
445.129
512.043
546.299
618.903
571.766
605.071
598.546
650.064
685.957
746.33
731.251
756.472
755.137
809.648
833.108
876.557
866.75
901.316
909.105
954.876
967.153
1004.21
1006.58
1037.76
1044.1
1064.09
1077.28
1097.24
1114.65
1133.6
1151.83
1171.04
1190.37
1210.41
1230.91
1252.12
1273.93
1296.4
1319.44
1343.05
1367.14
1391.68
1416.59
1441.85
1467.42
1493.28
1519.4
1545.75
1572.23
1598.78
1625.3
1651.8
1678.25
1704.71
1731.11
1757.41
1783.54
1809.54
1835.45
1861.33
1887.08
1912.7
1938.07
1963.36
1988.53
2013.68
2038.59
2063.34
2087.84
2112.41
2136.89
2161.42
2185.6
2209.75
2233.7
2257.96
2282.1
2306.39
2330.26
2354.32
2378.2
2402.61
2426.69
2451.01
2474.69
2498.91
2522.82
2547.56
2571.51
2595.94
2619.31
2643.93
2667.8
2693.13
2716.53
2741.17
2763.73
2789.4
2812.65
2838.6
2859.6
2884.75
2905.72
2934.01
2954.99
2982.37
2998.21
3026.31
3043.68
3078.16
3091.63
3123.34
3127.83
3166.6
3174.83
3223.5
3216.58
3263.03
3245.49
3305.11
3291.33
3352.82
3324.09
3393.26
3358.94
3417.27
3389.01
3448.29
3436.05
3499.01
3475.33
3550.62
3505.56
3567.98
3527.08
3576.24
3570.1
3620.26
3629.21
3715.84
3663.94
3707.98
3654.6
3698.9
3719.97
3735.98
3774.43
3838.23
3853.55
3819.19
3795.85
3830.05
3877.36
3924.05
3943.42
3921.95
3911.92
3939.31
4003.99
4089
4079.58
4005.89
3982.91
4021.76
4025.22
4071.65
4106.04
4195.14
4122.39
4116.66
4077.77
4112.69
4226.25
4181.75
4219.96
4142.09
4197.48
4207
4190.84
4246.53
4464.52
4466.17
4317.55
4240.07
4254.44
4248.61
4256.91
4275.64
4291.32
4321.64
4348.54
4369.61
4357.29
4358.62
4372.74
4434.42
4522.12
4567.09
4437.13
4396.66
4404.47
4389.08
4434.74
4470.03
4472.44
4479.5
4486.02
4532.6
4588.42
4655.78
4548.87
4513.5
4490.64
4487.95
4538.54
4554.61
4585.75
4569.06
4609.53
4592.79
4655.57
4632.25
4743.37
4625.26
4689.69
4581.25
4574.31
4602.37
4573.21
4645.48
4673.12
4650.19
4608.33
4647.23
4703.81
4695.28
4718.99
4674.89
4759.1
4722.83
4711.74
4662.59
4747.41
4875.12
4745.07
4692.19
4649.41
4646.74
4686.6
4670
4687.32
4707.89
4757.66
4795.89
4797.3
4718.1
4707.2
4723.4
4688.89
4758.51
4823.6
4775.01
4720.01
4702.91
4736.32
4733.4
4783.14
4831.36
5034.15
4817.23
4762.29
4683.13
4669.79
4700.26
4665.08
4668.59
4681.19
4664.82
4670.02
4675.64
4700.34
4779.36
4880.89
4798.72
4673.06
4633.87
4632.9
4608.53
4617.96
4628.44
4619.24
4621.25
4612.14
4609.23
4626.38
4665.48
4739.14
4760.85
4658.73
4589.93
4585.35
4557.76
4556.23
4579.41
4567.44
4574.84
4565.93
4560.44
4571.21
4605.91
4687.01
4781.73
4642.86
4543.5
4505.07
4478.23
4459.1
4445.22
4436.04
4431.61
4431.14
4433.77
4438.81
4445.73
4454.17
4463.82
4474.24
4484.96
4495.92
4507.77
4521.76
4539.5
4562.54
4590.58
4617.75
4634.94
4644.17
4658.35
4687.47
4726.14
4750.09
4742.7
4736.98
4755.42
4791.95
4824.74
4837.58
4829.34
4838.89
4869.77
4911.4
4935.45
4922.44
4914.66
4933.72
4970.83
5005.01
5015.14
5005.2
5001.73
4940.29
4929.84
4929
4930.8
4934.09
4938.35
4943.25
4948.72
4954.23
4958.18
4959.41
4958.65
4957.01
4955.01
4952.98
4951.41
4950.9
4951.87
4954.12
4956.6
4958.02
4958.25
4958.1
4958.2
4958.61
4959
4959.1
4959.23
4960.07
4962.14
4965.31
4968.86
4971.83
4973.86
4975.31
4976.69
4978.24
4979.95
4981.85
4984.12
4987.01
4990.65
4994.92
4999.45
5003.88
5008.05
5011.89
5017.17
5036.31
5059.83
5086.82
5090.56
5086.33
5082.9
5112.64
5146.34
5175.42
5137.35
5124.06
5123.96
5143
5205.77
5252.34
5233.09
5162.79
5162.1
5189.09
5174.19
5248.55
5250.08
5282.35
5208.87
5247.91
5230.36
5212.74
5250.41
5319.28
5326.23
5286.94
5250.72
5287.05
5287.89
5299.66
5326.98
5463.52
5444.65
5370.52
5303.95
5324.58
5317.39
5321.5
5357.18
5370.44
5378.48
5366.5
5380.29
5393.1
5430.06
5455.37
5461.89
5415.97
5415.44
5427.57
5423.9
5481.41
5512.09
5538.99
5457.62
5463.15
5464.71
5450.56
5546.5
5571.43
5556.15
5474.61
5499.83
5526.56
5490.11
5553.44
5575
5554.14
5525.11
5570.09
5611.92
5610.17
5579.4
5581.77
5643.54
5654.15
5733.29
5621.75
5653.47
5589.89
5584.13
5643.38
5605.62
5635.29
5615.74
5633.97
5650.16
5682.3
5718.02
5743.11
5696.09
5673.01
5670.73
5672.85
5695.22
5728.26
5774.45
5778.26
5736.8
5709.8
5749.58
5744.59
5752.94
5774.65
5923.96
5949.84
5848.53
5741.99
5745.4
5732.55
5716.9
5727.75
5727.86
5729.18
5737.06
5738.58
5746.75
5771.18
5827.64
5878.37
5821.64
5753.02
5737.16
5735.97
5726.72
5749.97
5778.81
5797.01
5793.5
5772.82
5781.08
5833.81
5867.05
5915.14
5811.15
5799.42
5770.28
5754.1
5792.91
5780.56
5786.07
5796.73
5826.75
5835.93
5837.25
5823.89
5869.13
5921.5
5916.73
5838.81
5813.89
5831.34
5797.52
5822.59
5843.14
5823.91
5844.76
5854.89
5869.94
5883.49
5926.7
5939.26
5931.94
5869.77
5884.93
5888.38
5852.09
5911.12
5954.44
5892.74
5863.51
5860.49
5857.52
5882.52
5899.35
5923.43
5948.56
5965.06
5924.49
5912.08
5921.33
5912.91
5948.06
5984.14
6018.39
5967.73
5935.97
5923.67
5927.27
5919.01
5807.28
5775.27
5751.13
5726.9
5703.14
5680.66
5659.55
5639.49
5620.11
5601.24
5582.88
5565.15
5548.18
5532.04
5516.75
5502.23
5488.37
5475.03
5462.13
5449.57
5437.24
5425.1
5413.17
5401.51
5390.17
5379.19
5368.56
5358.28
5348.31
5338.62
5329.18
5319.98
5311.01
5302.26
5293.74
5285.44
5277.39
5269.59
5262.05
5254.76
5247.73
5240.95
5234.41
5228.09
5221.98
5216.06
5210.31
5204.71
5199.25
5193.93
5188.73
5183.65
5178.69
5173.84
5169.12
5164.51
5160.04
5155.69
5151.48
5147.4
5143.45
5139.64
5135.96
5132.41
5128.98
5125.58
5121.84
5118.13
5114.64
5111.46
5108.61
5105.94
5103.32
5100.53
5097.34
5093.59
5089.17
5083.85
5077.91
5071.75
5065.64
5059.73
5053.83
5047.9
5042.08
5036.39
5030.82
5025.35
5019.91
5014.49
5009.04
5003.52
4997.94
4992.38
4986.92
4981.62
4976.49
4971.51
4966.63
4961.9
4957.32
4952.88
4948.57
4944.31
4940.1
4935.95
4931.86
4927.85
4923.91
4920.05
4916.27
4912.56
4908.94
4905.38
4901.91
4898.51
4895.18
4891.92
4888.71
4885.56
4882.44
4879.36
4876.32
4873.3
4870.33
4867.39
4864.49
4861.64
4858.85
4856.1
4853.41
4850.77
4848.17
4845.62
4843.1
4840.6
4838.13
4835.68
4833.26
4830.85
4828.47
4826.12
4823.81
4821.54
4819.31
4817.12
4814.97
4812.87
4810.8
4808.77
4806.76
4804.78
4802.82
4800.88
4798.95
4797.05
4795.17
4793.33
4791.51
4789.72
4787.98
4786.26
4784.59
4782.94
4781.33
4779.74
4778.17
4776.63
4775.1
4773.59
4772.1
4770.63
4769.19
4767.76
4766.37
4765
4763.66
4762.35
4761.06
4759.8
4758.56
4757.35
4756.14
4754.95
4753.78
4752.62
4751.47
4750.34
4749.22
4748.13
4747.05
4745.99
4744.95
4743.94
4742.93
4741.95
4740.98
4740.01
4739.06
4738.12
4737.18
4736.25
4735.33
4734.41
4733.51
4732.62
4731.74
4730.87
4730.01
4729.16
4728.32
4727.49
4726.67
4725.84
4725.03
4724.21
4723.4
4722.59
4721.78
4720.98
4720.18
4719.39
4718.6
4717.82
4717.05
4716.28
4715.52
4714.76
4714.01
4713.25
4712.5
4711.74
4710.99
4710.24
4709.49
4708.75
4708.01
4707.28
4706.55
4705.83
4705.11
4704.4
4703.69
4702.98
4702.28
4701.58
4700.89
4700.2
4699.51
4698.82
4698.14
4697.47
4696.8
4696.14
4695.49
4694.84
4694.2
4693.57
4692.94
4692.32
4691.7
4691.09
4690.49
4689.89
4689.29
4688.7
4688.12
4687.55
4686.98
4686.42
4685.87
4685.33
4684.79
4684.27
4683.74
4683.23
4682.72
4682.21
4681.71
4681.21
4680.72
4680.24
4679.76
4679.29
4678.83
4678.37
4677.91
4677.46
4677.02
4676.58
4676.14
4675.71
4675.28
4674.85
4674.43
4674.01
4673.59
4673.17
4672.76
4672.34
4671.94
4671.53
4671.12
4670.72
4670.32
4669.91
4669.51
4669.11
4668.7
4668.3
4667.9
4667.49
4667.09
4666.68
4666.27
4665.86
4665.46
4665.05
4664.64
4664.23
4663.81
4663.4
4662.98
4662.56
4662.14
4661.72
4661.3
4660.87
4660.44
4660.02
4659.59
4659.15
4658.72
4658.29
4657.86
4657.42
4656.99
4656.55
4656.11
4655.68
4655.24
4654.8
4654.36
4653.92
4653.48
4653.04
4652.61
4652.17
4651.73
4651.3
4650.87
4650.44
4650.01
4649.58
4649.16
4648.73
4648.31
4647.89
4647.47
4647.06
4646.65
4646.24
4645.83
4645.43
4645.03
4644.63
4644.24
4643.85
4643.47
4643.09
4642.71
4642.33
4641.96
4641.59
4641.23
4640.87
4640.51
4640.15
4639.8
4639.46
4639.11
4638.77
4638.43
4638.1
4637.77
4637.44
4637.11
4636.79
4636.46
4636.15
4635.83
4635.51
4635.2
4634.89
4634.57
4634.27
4633.96
4633.65
4633.34
4633.04
4632.73
4632.43
4632.12
4631.82
4631.51
4631.2
4630.9
4630.59
4630.28
4629.97
4629.66
4629.35
4629.04
4628.73
4628.41
4628.09
4627.77
4627.45
4627.13
4626.81
4626.48
4626.15
4625.82
4625.49
4625.16
4624.82
4624.49
4624.15
4623.81
4623.46
4623.12
4622.77
4622.42
4622.07
4621.72
4621.37
4621.02
4620.66
4620.31
4619.95
4619.59
4619.23
4618.88
4618.52
4618.16
4617.8
4617.44
4617.08
4616.72
4616.36
4616.01
4615.65
4615.29
4614.94
4614.58
4614.23
4613.88
4613.53
4613.18
4612.84
4612.49
4612.15
4611.81
4611.47
4611.14
4610.81
4610.47
4610.15
4609.82
4609.5
4609.18
4608.86
4608.54
4608.23
4607.92
4607.62
4607.31
4607.01
4606.71
4606.41
4606.12
4605.83
4605.54
4605.25
4604.96
4604.68
4604.4
4604.12
4603.84
4603.57
4603.29
4603.02
4602.75
4602.48
4602.21
4601.94
4601.67
4601.4
4601.13
4600.87
4600.6
4600.34
4600.07
4599.8
4599.54
4599.27
4599
4598.73
4598.47
4598.2
4597.92
4597.65
4597.38
4597.11
4596.83
4596.55
4596.28
4596
4595.71
4595.43
4595.15
4594.86
4594.57
4594.28
4593.99
4593.7
4593.41
4593.11
4592.81
4592.51
4592.21
4591.91
4591.61
4591.3
4591
4590.69
4590.38
4590.07
4589.76
4589.45
4589.14
4588.83
4588.52
4588.2
4587.89
4587.58
4587.26
4586.95
4586.64
4586.33
4586.01
4585.7
4585.39
4585.08
4584.77
4584.46
4584.16
4583.85
4583.55
4583.24
4582.94
4582.64
4582.35
4582.05
4581.75
4581.46
4581.17
4580.88
4580.6
4580.31
4580.03
4579.75
4579.47
4579.19
4578.92
4578.65
4578.38
4578.11
4577.84
4577.58
4577.32
4577.06
4576.8
4576.54
4576.29
4576.04
4575.78
4575.54
4575.29
4575.04
4574.79
4574.55
4574.31
4574.06
4573.82
4573.58
4573.34
4573.1
4572.86
4572.62
4572.38
4572.14
4571.91
4571.67
4571.43
4571.19
4570.95
4570.71
4570.47
4570.23
4569.98
4569.74
4569.5
4569.25
4569.01
4568.76
4568.51
4568.26
4568.01
4567.76
4567.51
4567.25
4567
4566.74
4566.48
4566.22
4565.96
4565.7
4565.43
4565.17
4564.9
4564.64
4564.37
4564.1
4563.83
4563.56
4563.29
4563.01
4562.74
4562.47
4562.19
4561.92
4561.64
4561.36
4561.09
4560.81
4560.54
4560.26
4559.98
4559.71
4559.43
4559.16
4558.88
4558.61
4558.34
4558.06
4557.79
4557.52
4557.25
4556.99
4556.72
4556.45
4556.19
4555.93
4555.66
4555.4
4555.15
4554.89
4554.64
4554.38
4554.13
4553.88
4553.63
4553.39
4553.14
4552.9
4552.66
4552.42
4552.18
4551.94
4551.71
4551.48
4551.24
4551.02
4550.79
4550.56
4550.33
4550.11
4549.89
4549.66
4549.44
4549.22
4549
4548.78
4548.57
4548.35
4548.13
4547.92
4547.7
4547.49
4547.27
4547.06
4546.84
4546.63
4546.41
4546.2
4545.98
4545.76
4545.55
4545.33
4545.11
4544.89
4544.68
4544.46
4544.23
4544.01
4543.79
4543.57
4543.34
4543.12
4542.89
4542.67
4542.44
4542.21
4541.98
4541.75
4541.51
4541.28
4541.05
4540.81
4540.57
4540.34
4540.1
4539.86
4539.62
4539.38
4539.14
4538.89
4538.65
4538.41
4538.17
4537.92
4537.68
4537.43
4537.19
4536.94
4536.7
4536.45
4536.21
4535.97
4535.72
4535.48
4535.24
4534.99
4534.75
4534.51
4534.27
4534.03
4533.79
4533.55
4533.32
4533.08
4532.85
4532.61
4532.38
4532.15
4531.92
4531.69
4531.46
4531.24
4531.01
4530.79
4530.57
4530.35
4530.13
4529.91
4529.7
4529.48
4529.27
4529.06
4528.85
4528.64
4528.43
4528.22
4528.02
4527.81
4527.61
4527.41
4527.21
4527.01
4526.81
4526.61
4526.41
4526.22
4526.02
4525.82
4525.63
4525.43
4525.24
4525.04
4524.85
4524.66
4524.46
4524.27
4524.07
4523.88
4523.68
4523.49
4523.29
4523.1
4522.9
4522.71
4522.51
4522.31
4522.11
4521.92
4521.72
4521.52
4521.31
4521.11
4520.91
4520.71
4520.5
4520.3
4520.09
4519.89
4519.68
4519.47
4519.26
4519.05
4518.84
4518.63
4518.42
4518.2
4517.99
4517.78
4517.56
4517.35
4517.13
4516.92
4516.7
4516.48
4516.27
4516.05
4515.83
4515.62
4515.4
4515.18
4514.96
4514.75
4514.53
4514.32
4514.1
4513.88
4513.67
4513.45
4513.24
4512.98
4512.61
4512.1
4511.41
4510.56
4509.58
4508.49
4507.31
4506.08
4504.79
4503.47
4502.12
4500.76
4499.39
4498.02
4496.66
4495.31
4493.98
4492.66
4491.35
4490.06
4488.78
4487.52
4486.27
4485.05
4483.84
4482.65
4481.48
4480.34
4479.2
4478.08
4476.98
4475.88
4474.79
4473.71
4472.64
4471.58
4470.53
4469.48
4468.45
4467.43
4466.42
4465.42
4464.43
4463.45
4462.47
4461.51
4460.55
4459.6
4458.66
4457.73
4456.8
4455.89
4454.99
4454.09
4453.2
4452.32
4451.44
4450.58
4449.71
4448.86
4448.01
4447.17
4446.34
4445.51
4444.69
4443.87
4443.07
4442.27
4441.47
4440.68
4439.9
4439.13
4438.36
4437.59
4436.84
4436.09
4435.34
4434.6
4433.87
4433.14
4432.42
4431.7
4430.99
4430.29
4429.59
4428.89
4428.2
4427.52
4426.84
4426.17
4425.51
4424.85
4424.19
4423.55
4422.9
4422.27
4421.64
4421.01
4420.39
4419.78
4419.17
4418.57
4417.97
4417.38
4416.79
4416.21
4415.64
4415.07
4414.5
4413.95
4413.39
4412.85
4412.31
4411.77
4411.24
4410.71
4410.19
4409.68
4409.17
4408.66
4408.17
4407.67
4407.18
4406.7
4406.22
4405.74
4405.27
4404.81
4404.35
4403.89
4403.44
4402.99
4402.55
4402.11
4401.67
4401.24
4400.81
4400.39
4399.97
4399.56
4399.14
4398.74
4398.33
4397.93
4397.53
4397.14
4396.74
4396.35
4395.97
4395.59
4395.21
4394.83
4394.45
4394.08
4393.71
4393.34
4392.98
4392.62
4392.26
4391.9
4391.55
4391.19
4390.84
4390.49
4390.15
4389.8
4389.46
4389.12
4388.78
4388.45
4388.11
4387.78
4387.45
4387.12
4386.79
4386.47
4386.15
4385.83
4385.51
4385.19
4384.88
4384.57
4384.26
4383.95
4383.64
4383.34
4383.04
4382.74
4382.44
4382.15
4381.86
4381.56
4381.28
4380.99
4380.71
4380.43
4380.15
4379.87
4379.6
4379.33
4379.06
4378.79
4378.53
4378.27
4378.01
4377.75
4377.5
4377.25
4377
4376.75
4376.51
4376.27
4376.03
4375.79
4375.56
4375.33
4375.1
4374.87
4374.65
4374.43
4374.21
4373.99
4373.78
4373.57
4373.36
4373.15
4372.94
4372.74
4372.54
4372.34
4372.15
4371.95
4371.76
4371.57
4371.38
4371.19
4371
4370.82
4370.64
4370.46
4370.28
4370.1
4369.92
4369.75
4369.57
4369.4
4369.23
4369.06
4368.89
4368.72
4368.56
4368.39
4368.22
4368.06
4367.9
4367.73
4367.57
4367.41
4367.25
4367.09
4366.93
4366.77
4366.61
4366.46
4366.3
4366.14
4365.99
4365.83
4365.68
4365.52
4365.37
4365.22
4365.06
4364.91
4364.76
4364.61
4364.46
4364.31
4364.16
4364.01
4363.86
4363.72
4363.57
4363.42
4363.28
4363.14
4362.99
4362.85
4362.71
4362.57
4362.43
4362.29
4362.15
4362.01
4361.88
4361.74
4361.61
4361.48
4361.34
4361.21
4361.08
4360.96
4360.83
4360.7
4360.56
4360.41
4360.26
4360.12
4359.98
4359.86
4359.74
4359.63
4359.53
4359.42
4359.31
4359.2
4359.09
4358.97
4358.86
4358.74
4358.63
4358.52
4358.41
4358.3
4358.2
4358.09
4357.99
4357.89
4357.79
4357.69
4357.59
4357.5
4357.4
4357.31
4357.21
4357.12
4357.03
4356.94
4356.85
4356.76
4356.67
4356.58
4356.49
4356.4
4356.32
4356.23
4356.15
4356.06
4355.98
4355.9
4355.81
4355.73
4355.64
4355.56
4355.48
4355.4
4355.31
4355.23
4355.15
4355.07
4354.99
4354.91
4354.83
4354.74
4354.66
4354.58
4354.5
4354.42
4354.34
4354.26
4354.18
4354.1
4354.02
4353.93
4353.85
4353.77
4353.69
4353.61
4353.53
4353.45
4353.37
4353.29
4353.21
4353.13
4353.06
4352.98
4352.9
4352.82
4352.74
4352.67
4352.59
4352.51
4352.44
4352.36
4352.29
4352.21
4352.14
4352.06
4351.99
4351.92
4351.85
4351.78
4351.71
4351.64
4351.57
4351.5
4351.43
4351.37
4351.3
4351.23
4351.17
4351.11
4351.04
4350.98
4350.92
4350.86
4350.8
4350.74
4350.68
4350.63
4350.57
4350.51
4350.46
4350.4
4350.35
4350.3
4350.24
4350.19
4350.14
4350.09
4350.04
4349.99
4349.94
4349.89
4349.85
4349.8
4349.75
4349.7
4349.66
4349.61
4349.57
4349.52
4349.48
4349.43
4349.39
4349.34
4349.3
4349.25
4349.21
4349.16
4349.12
4349.08
4349.03
4348.99
4348.94
4348.9
4348.85
4348.81
4348.76
4348.72
4348.67
4348.63
4348.58
4348.54
4348.49
4348.45
4348.4
4348.36
4348.31
4348.26
4348.22
4348.17
4348.12
4348.08
4348.03
4347.98
4347.93
4347.89
4347.84
4347.79
4347.74
4347.7
4347.65
4347.6
4347.55
4347.51
4347.46
4347.41
4347.36
4347.31
4347.27
4347.22
4347.17
4347.13
4347.08
4347.03
4346.99
4346.94
4346.9
4346.85
4346.81
4346.76
4346.72
4346.68
4346.63
4346.59
4346.55
4346.51
4346.47
4346.42
4346.38
4346.34
4346.3
4346.27
4346.23
4346.19
4346.15
4346.12
4346.08
4346.04
4346.01
4345.97
4345.94
4345.9
4345.87
4345.84
4345.8
4345.77
4345.74
4345.71
4345.68
4345.65
4345.61
4345.58
4345.55
4345.52
4345.49
4345.47
4345.44
4345.41
4345.38
4345.35
4345.32
4345.29
4345.26
4345.23
4345.21
4345.18
4345.15
4345.12
4345.09
4345.06
4345.03
4345
4344.98
4344.95
4344.92
4344.89
4344.86
4344.83
4344.8
4344.77
4344.74
4344.71
4344.67
4344.64
4344.61
4344.58
4344.55
4344.52
4344.48
4344.45
4344.42
4344.38
4344.35
4344.32
4344.28
4344.25
4344.22
4344.18
4344.15
4344.11
4344.08
4344.05
4344.01
4343.98
4343.94
4343.91
4343.87
4343.84
4343.8
4343.77
4343.74
4343.7
4343.67
4343.63
4343.6
4343.57
4343.53
4343.5
4343.47
4343.43
4343.4
4343.37
4343.34
4343.3
4343.27
4343.24
4343.21
4343.18
4343.15
4343.12
4343.09
4343.06
4343.03
4343
4342.98
4342.95
4342.92
4342.89
4342.87
4342.84
4342.81
4342.79
4342.76
4342.74
4342.71
4342.69
4342.66
4342.64
4342.62
4342.59
4342.57
4342.55
4342.52
4342.5
4342.48
4342.46
4342.43
4342.41
4342.39
4342.37
4342.34
4342.32
4342.3
4342.28
4342.26
4342.23
4342.21
4342.19
4342.17
4342.14
4342.12
4342.1
4342.07
4342.05
4342.03
4342.01
4341.98
4341.96
4341.93
4341.91
4341.89
4341.86
4341.84
4341.81
4341.79
4341.76
4341.73
4341.71
4341.68
4341.66
4341.63
4341.6
4341.58
4341.55
4341.52
4341.49
4341.47
4341.44
4341.41
4341.38
4341.35
4341.33
4341.3
4341.27
4341.24
4341.21
4341.19
4341.16
4341.13
4341.1
4341.07
4341.04
4341.02
4340.99
4340.96
4340.93
4340.9
4340.88
4340.85
4340.82
4340.79
4340.77
4340.74
4340.71
4340.69
4340.66
4340.64
4340.61
4340.58
4340.56
4340.53
4340.51
4340.49
4340.46
4340.44
4340.41
4340.39
4340.37
4340.35
4340.32
4340.3
4340.28
4340.26
4340.24
4340.21
4340.19
4340.17
4340.15
4340.13
4340.11
4340.09
4340.07
4340.05
4340.03
4340.01
4339.99
4339.97
4339.95
4339.93
4339.91
4339.89
4339.87
4339.86
4339.84
4339.82
4339.8
4339.78
4339.76
4339.74
4339.72
4339.7
4339.68
4339.66
4339.64
4339.62
4339.6
4339.58
4339.56
4339.53
4339.51
4339.49
4339.47
4339.45
4339.43
4339.4
4339.38
4339.36
4339.34
4339.31
4339.29
4339.27
4339.24
4339.22
4339.2
4339.17
4339.15
4339.13
4339.1
4339.08
4339.05
4339.03
4339
4338.98
4338.95
4338.93
4338.9
4338.88
4338.85
4338.83
4338.8
4338.78
4338.75
4338.73
4338.7
4338.68
4338.66
4338.63
4338.61
4338.58
4338.56
4338.53
4338.51
4338.49
4338.46
4338.44
4338.42
4338.39
4338.37
4338.35
4338.33
4338.3
4338.28
4338.26
4338.24
4338.22
4338.2
4338.17
4338.15
4338.13
4338.11
4338.09
4338.07
4338.05
4338.03
4338.01
4337.99
4337.97
4337.96
4337.94
4337.92
4337.9
4337.88
4337.86
4337.84
4337.83
4337.81
4337.79
4337.77
4337.75
4337.74
4337.72
4337.7
4337.68
4337.66
4337.65
4337.63
4337.61
4337.59
4337.57
4337.56
4337.54
4337.52
4337.5
4337.48
4337.46
4337.44
4337.42
4337.41
4337.39
4337.37
4337.35
4337.33
4337.31
4337.29
4337.27
4337.25
4337.23
4337.21
4337.18
4337.16
4337.14
4337.12
4337.1
4337.08
4337.06
4337.03
4337.01
4336.99
4336.97
4336.95
4336.92
4336.9
4336.88
4336.86
4336.83
4336.81
4336.79
4336.77
4336.74
4336.72
4336.7
4336.68
4336.65
4336.63
4336.61
4336.59
4336.56
4336.54
4336.52
4336.5
4336.48
4336.45
4336.43
4336.41
4336.39
4336.37
4336.35
4336.33
4336.31
4336.28
4336.26
4336.24
4336.22
4336.2
4336.18
4336.16
4336.15
4336.13
4336.11
4336.09
4336.07
4336.05
4336.03
4336.01
4335.99
4335.98
4335.96
4335.94
4335.92
4335.91
4335.89
4335.87
4335.85
4335.84
4335.82
4335.8
4335.78
4335.77
4335.75
4335.73
4335.72
4335.7
4335.68
4335.67
4335.65
4335.63
4335.61
4335.6
4335.58
4335.56
4335.54
4335.53
4335.51
4335.49
4335.47
4335.46
4335.44
4335.42
4335.4
4335.38
4335.37
4335.35
4335.33
4335.31
4335.29
4335.27
4335.25
4335.23
4335.21
4335.2
4335.18
4335.16
4335.14
4335.12
4335.1
4335.08
4335.06
4335.04
4335.02
4334.99
4334.97
4334.95
4334.93
4334.91
4334.89
4334.87
4334.85
4334.83
4334.81
4334.79
4334.77
4334.75
4334.73
4334.7
4334.68
4334.66
4334.64
4334.62
4334.6
4334.58
4334.56
4334.54
4334.52
4334.5
4334.48
4334.46
4334.44
4334.42
4334.4
4334.38
4334.37
4334.35
4334.33
4334.31
4334.29
4334.27
4334.25
4334.24
4334.22
4334.2
4334.18
4334.16
4334.15
4334.13
4334.11
4334.09
4334.08
4334.06
4334.04
4334.03
4334.01
4333.99
4333.98
4333.96
4333.94
4333.93
4333.91
4333.9
4333.88
4333.86
4333.85
4333.83
4333.81
4333.8
4333.78
4333.76
4333.75
4333.73
4333.72
4333.7
4333.68
4333.67
4333.65
4333.63
4333.62
4333.6
4333.58
4333.57
4333.55
4333.53
4333.51
4333.5
4333.48
4333.46
4333.44
4333.43
4333.41
4333.39
4333.37
4333.35
4333.33
4333.32
4333.3
4333.28
4333.26
4333.24
4333.22
4333.2
4333.19
4333.17
4333.15
4333.13
4333.11
4333.09
4333.07
4333.05
4333.03
4333.01
4332.99
4332.97
4332.96
4332.94
4332.92
4332.9
4332.88
4332.86
4332.84
4332.82
4332.8
4332.78
4332.76
4332.75
4332.73
4332.71
4332.69
4332.67
4332.65
4332.63
4332.62
4332.6
4332.58
4332.56
4332.55
4332.53
4332.51
4332.49
4332.48
4332.46
4332.44
4332.42
4332.41
4332.39
4332.37
4332.36
4332.34
4332.33
4332.31
4332.29
4332.28
4332.26
4332.24
4332.23
4332.21
4332.2
4332.18
4332.17
4332.15
4332.13
4332.12
4332.1
4332.09
4332.07
4332.06
4332.04
4332.03
4332.01
4331.99
4331.98
4331.96
4331.95
4331.93
4331.92
4331.9
4331.88
4331.87
4331.85
4331.84
4331.82
4331.8
4331.79
4331.77
4331.75
4331.74
4331.72
4331.71
4331.69
4331.67
4331.65
4331.64
4331.62
4331.6
4331.59
4331.57
4331.55
4331.53
4331.52
4331.5
4331.48
4331.46
4331.45
4331.43
4331.41
4331.39
4331.37
4331.36
4331.34
4331.32
4331.3
4331.28
4331.27
4331.25
4331.23
4331.21
4331.19
4331.18
4331.16
4331.14
4331.12
4331.11
4331.09
4331.07
4331.05
4331.04
4331.02
4331
4330.98
4330.97
4330.95
4330.93
4330.92
4330.9
4330.88
4330.87
4330.85
4330.83
4330.82
4330.8
4330.78
4330.77
4330.75
4330.74
4330.72
4330.7
4330.69
4330.67
4330.66
4330.64
4330.63
4330.61
4330.6
4330.58
4330.57
4330.55
4330.54
4330.52
4330.51
4330.49
4330.48
4330.46
4330.45
4330.43
4330.42
4330.4
4330.39
4330.37
4330.36
4330.34
4330.33
4330.31
4330.3
4330.28
4330.27
4330.25
4330.24
4330.22
4330.21
4330.19
4330.18
4330.16
4330.14
4330.13
4330.11
4330.1
4330.08
4330.07
4330.05
4330.03
4330.02
4330
4329.99
4329.97
4329.95
4329.94
4329.92
4329.91
4329.89
4329.87
4329.86
4329.84
4329.82
4329.81
4329.79
4329.77
4329.76
4329.74
4329.72
4329.71
4329.69
4329.67
4329.66
4329.64
4329.62
4329.6
4329.59
4329.57
4329.55
4329.54
4329.52
4329.51
4329.49
4329.47
4329.46
4329.44
4329.42
4329.41
4329.39
4329.37
4329.36
4329.34
4329.33
4329.31
4329.3
4329.28
4329.26
4329.25
4329.23
4329.22
4329.2
4329.19
4329.17
4329.16
4329.14
4329.13
4329.11
4329.1
4329.08
4329.07
4329.05
4329.04
4329.02
4329.01
4328.99
4328.98
4328.97
4328.95
4328.94
4328.92
4328.91
4328.89
4328.88
4328.87
4328.85
4328.84
4328.82
4328.81
4328.79
4328.78
4328.77
4328.75
4328.74
4328.72
4328.71
4328.69
4328.68
4328.67
4328.65
4328.64
4328.62
4328.61
4328.59
4328.58
4328.56
4328.55
4328.53
4328.52
4328.5
4328.49
4328.47
4328.46
4328.44
4328.43
4328.41
4328.4
4328.38
4328.37
4328.35
4328.34
4328.32
4328.31
4328.29
4328.27
4328.26
4328.24
4328.23
4328.21
4328.2
4328.18
4328.16
4328.15
4328.13
4328.12
4328.1
4328.09
4328.07
4328.06
4328.04
4328.02
4328.01
4327.99
4327.98
4327.96
4327.95
4327.93
4327.92
4327.9
4327.89
4327.87
4327.86
4327.84
4327.83
4327.81
4327.8
4327.78
4327.77
4327.75
4327.74
4327.72
4327.71
4327.69
4327.68
4327.66
4327.65
4327.64
4327.62
4327.61
4327.59
4327.58
4327.57
4327.55
4327.54
4327.52
4327.51
4327.5
4327.48
4327.47
4327.46
4327.44
4327.43
4327.41
4327.4
4327.39
4327.37
4327.36
4327.35
4327.33
4327.32
4327.31
4327.29
4327.28
4327.27
4327.25
4327.24
4327.22
4327.21
4327.2
4327.18
4327.17
4327.16
4327.14
4327.13
4327.11
4327.1
4327.09
4327.07
4327.06
4327.04
4327.03
4327.02
4327
4326.99
4326.97
4326.96
4326.94
4326.93
4326.91
4326.9
4326.89
4326.87
4326.86
4326.84
4326.83
4326.81
4326.8
4326.78
4326.77
4326.75
4326.74
4326.72
4326.71
4326.7
4326.68
4326.67
4326.65
4326.64
4326.62
4326.61
4326.59
4326.58
4326.56
4326.55
4326.53
4326.52
4326.51
4326.49
4326.48
4326.46
4326.45
4326.43
4326.42
4326.41
4326.39
4326.38
4326.36
4326.35
4326.34
4326.32
4326.31
4326.29
4326.28
4326.27
4326.25
4326.24
4326.23
4326.21
4326.2
4326.19
4326.17
4326.16
4326.15
4326.13
4326.12
4326.11
4326.09
4326.08
4326.07
4326.06
4326.04
4326.03
4326.02
4326
4325.99
4325.98
4325.96
4325.95
4325.94
4325.93
4325.91
4325.9
4325.89
4325.87
4325.86
4325.85
4325.84
4325.82
4325.81
4325.8
4325.78
4325.77
4325.76
4325.74
4325.73
4325.72
4325.7
4325.69
4325.68
4325.66
4325.65
4325.64
4325.62
4325.61
4325.6
4325.58
4325.57
4325.56
4325.54
4325.53
4325.51
4325.5
4325.49
4325.47
4325.46
4325.45
4325.43
4325.42
4325.4
4325.39
4325.38
4325.36
4325.35
4325.34
4325.32
4325.31
4325.29
4325.28
4325.27
4325.25
4325.24
4325.23
4325.21
4325.2
4325.18
4325.17
4325.16
4325.14
4325.13
4325.12
4325.1
4325.09
4325.08
4325.06
4325.05
4325.04
4325.02
4325.01
4325
4324.98
4324.97
4324.96
4324.95
4324.93
4324.92
4324.91
4324.89
4324.88
4324.87
4324.86
4324.84
4324.83
4324.82
4324.81
4324.79
4324.78
4324.77
4324.76
4324.74
4324.73
4324.72
4324.71
4324.69
4324.68
4324.67
4324.66
4324.64
4324.63
4324.62
4324.61
4324.6
4324.58
4324.57
4324.56
4324.55
4324.53
4324.52
4324.51
4324.5
4324.48
4324.47
4324.46
4324.45
4324.43
4324.42
4324.41
4324.4
4324.38
4324.37
4324.36
4324.35
4324.33
4324.32
4324.31
4324.3
4324.28
4324.27
4324.26
4324.24
4324.23
4324.22
4324.21
4324.19
4324.18
4324.17
4324.15
4324.14
4324.13
4324.11
4324.1
4324.09
4324.08
4324.06
4324.05
4324.04
4324.02
4324.01
4324
4323.99
4323.97
4323.96
4323.95
4323.93
4323.92
4323.91
4323.89
4323.88
4323.87
4323.86
4323.84
4323.83
4323.82
4323.81
4323.79
4323.78
4323.77
4323.76
4323.74
4323.73
4323.72
4323.71
4323.69
4323.68
4323.67
4323.66
4323.65
4323.63
4323.62
4323.61
4323.6
4323.59
4323.57
4323.56
4323.55
4323.54
4323.53
4323.51
4323.5
4323.49
4323.48
4323.47
4323.45
4323.44
4323.43
4323.42
4323.41
4323.4
4323.38
4323.37
4323.36
4323.35
4323.34
4323.33
4323.31
4323.3
4323.29
4323.28
4323.27
4323.26
4323.24
4323.23
4323.22
4323.21
4323.2
4323.18
4323.17
4323.16
4323.15
4323.14
4323.12
4323.11
4323.1
4323.09
4323.08
4323.06
4323.05
4323.04
4323.03
4323.02
4323
4322.99
4322.98
4322.97
4322.96
4322.94
4322.93
4322.92
4322.91
4322.89
4322.88
4322.87
4322.86
4322.85
4322.83
4322.82
4322.81
4322.8
4322.78
4322.77
4322.76
4322.75
4322.74
4322.72
4322.71
4322.7
4322.69
4322.68
4322.66
4322.65
4322.64
4322.63
4322.62
4322.6
4322.59
4322.58
4322.57
4322.56
4322.54
4322.53
4322.52
4322.51
4322.5
4322.49
4322.47
4322.46
4322.45
4322.44
4322.43
4322.42
4322.41
4322.39
4322.38
4322.37
4322.36
4322.35
4322.34
4322.33
4322.32
4322.3
4322.29
4322.28
4322.27
4322.26
4322.25
4322.24
4322.23
4322.21
4322.2
4322.19
4322.18
4322.17
4322.16
4322.15
4322.14
4322.13
4322.11
4322.1
4322.09
4322.08
4322.07
4322.06
4322.05
4322.04
4322.03
4322.01
4322
4321.99
4321.98
4321.97
4321.96
4321.95
4321.93
4321.92
4321.91
4321.9
4321.89
4321.88
4321.87
4321.85
4321.84
4321.83
4321.82
4321.81
