
Primal Residual: 
0.516431
0.43206
0.389368
0.38038
0.387352
0.399136
0.413459
0.431908
0.455775
0.484725
0.517415
0.552474
0.588982
0.611802
0.632625
0.654915
0.680574
0.707388
0.733738
0.759094
0.785248
0.80433
0.817619
0.826574
0.831764
0.834302
0.835015
0.834197
0.831958
0.828536
0.824358
0.819877
0.815396
0.81112
0.807245
0.803938
0.801331
0.799545
0.798674
0.798572
0.798887
0.799353
0.799853
0.800362
0.800873
0.801369
0.801842
0.802314
0.802837
0.803471
0.804264
0.805223
0.806306
0.807435
0.808536
0.809565
0.810503
0.81134
0.812066
0.81268
0.813195
0.813641
0.814059
0.814491
0.814967
0.815498
0.816075
0.816729
0.817384
0.817462
0.817721
0.817933
0.818294
0.818716
0.819209
0.819709
0.820238
0.820797
0.821476
0.822293
0.823237
0.824162
0.824972
0.825577
0.826063
0.826506
0.827058
0.827717
0.828471
0.829163
0.829715
0.829991
0.830062
0.829952
0.829898
0.829973
0.83021
0.830575
0.830966
0.831198
0.831051
0.830386
0.830127
0.832896
0.833151
0.847212
0.836243
0.855343
0.850617
0.849092
0.842262
0.837069
0.845768
0.845088
0.847292
0.84154
0.8434
0.84768
0.843058
0.847549
0.847799
0.847955
0.843254
0.843342
0.850769
0.845072
0.855129
0.853272
0.855158
0.846988
0.848414
0.857091
0.847926
0.859166
0.858622
0.858768
0.845353
0.846947
0.865899
0.854936
0.866106
0.862854
0.861871
0.855349
0.851171
0.86338
0.861305
0.86632
0.857279
0.863863
0.866594
0.864846
0.860274
0.859055
0.866108
0.859839
0.87102
0.86965
0.871584
0.861213
0.864392
0.87417
0.867287
0.874108
0.871927
0.871971
0.864013
0.8586
0.880326
0.877151
0.880977
0.87123
0.873823
0.878149
0.870155
0.875116
0.879417
0.876657
0.876263
0.873757
0.86662
0.877744
0.886475
0.886727
0.884163
0.87581
0.878367
0.885496
0.878574
0.885957
0.885619
0.88583
0.874694
0.875467
0.88847
0.876633
0.888439
0.88821
0.887914
0.877518
0.879525
0.888169
0.881713
0.888461
0.888396
0.888362
0.876467
0.88127
0.889151
0.888807
0.88867
0.880572
0.884808
0.888785
0.888619
0.888603
0.879297
0.884712
0.88978
0.889509
0.889261
0.883121
0.88825
0.889151
0.889096
0.888756
0.880696
0.888399
0.890169
0.890088
0.889621
0.887481
0.888821
0.889248
0.889005
0.88892
0.88871
0.888819
0.889358
0.889485
0.889946
0.889287
0.88987
0.890018
0.889819
0.889166
0.888835
0.889449
0.889321
0.890333
0.890091
0.890551
0.88974
0.889952
0.890439
0.889979
0.889972
0.889742
0.88911
0.889182
0.89104
0.890729
0.891618
0.890531
0.890695
0.890625
0.890122
0.889585
0.890024
0.890492
0.891002
0.891035
0.890851
0.890323
0.890634
0.89113
0.890939
0.890859
0.890197
0.889863
0.89129
0.890909
0.892216
0.891323
0.891738
0.891376
0.89093
0.890441
0.890592
0.891065
0.891154
0.89174
0.891028
0.891903
0.892228
0.892094
0.891389
0.891047
0.891234
0.890569
0.891421
0.892395
0.892597
0.892413
0.891525
0.89162
0.892313
0.891854
0.892034
0.891588
0.891206
0.891536
0.891718
0.892238
0.892029
0.892375
0.891776
0.892002
0.892747
0.892023
0.892745
0.892542
0.892444
0.890512
0.88989
0.89749
0.89516
0.894661
0.893362
0.892417
0.892071
0.891647
0.891252
0.89201
0.892871
0.893436
0.893498
0.893044
0.892841
0.893217
0.893036
0.892778
0.892122
0.891448
0.892545
0.893124
0.893667
0.893369
0.893011
0.892671
0.892646
0.892775
0.892587
0.892496
0.892305
0.891727
0.892532
0.894818
0.894735
0.894753
0.893343
0.892869
0.892886
0.891806
0.892423
0.893858
0.894022
0.894218
0.893382
0.893271
0.894017
0.893706
0.893589
0.892925
0.892265
0.892356
0.892853
0.893373
0.893688
0.893746
0.893802
0.893124
0.891477
0.890075
0.889042
0.891445
0.889576
0.889166
0.889018
0.888529
0.888021
0.88732
0.887023
0.886273
0.885664
0.884674
0.883907
0.88319
0.882993
0.882425
0.881976
0.881034
0.880336
0.87971
0.879739
0.87929
0.879163
0.87867
0.878303
0.877973
0.877887
0.87763
0.877425
0.876938
0.876617
0.876345
0.876264
0.876037
0.875907
0.875696
0.871657
0.865033
0.854944
0.844466
0.832773
0.820965
0.808783
0.796627
0.784446
0.772384
0.760491
0.748888
0.737649
0.726846
0.716518
0.706693
0.697378
0.688575
0.680276
0.672471
0.665146
0.658282
0.651856
0.64584
0.640201
0.634901
0.629902
0.625166
0.620654
0.616334
0.612172
0.608141
0.604216
0.600379
0.596614
0.59291
0.589254
0.585638
0.582054
0.578498
0.574965
0.571452
0.567953
0.564465
0.560983
0.557511
0.554047
0.550592
0.547143
0.543706
0.540285
0.536889
0.533522
0.53019
0.526893
0.523639
0.52043
0.517276
0.514169
0.511112
0.508099
0.505137
0.502223
0.499365
0.49655
0.493787
0.491067
0.488407
0.485802
0.483262
0.480768
0.478333
0.475944
0.473628
0.471288
0.468916
0.466477
0.464018
0.461512
0.459017
0.456463
0.453907
0.451282
0.448724
0.44616
0.443721
0.44122
0.438814
0.436333
0.434082
0.431767
0.429679
0.427336
0.425205
0.422852
0.421009
0.418803
0.417035
0.414714
0.412889
0.410649
0.409139
0.406951
0.405512
0.403488
0.40198
0.39995
0.398422
0.396538
0.395485
0.393755
0.393067
0.391537
0.390572
0.388966
0.387532
0.385885
0.384754
0.383292
0.383423
0.382471
0.381964
0.380575
0.378972
0.377959
0.376933
0.376087
0.376123
0.376398
0.376183
0.375033
0.373696
0.373013
0.37293
0.373032
0.372705
0.37183
0.370846
0.370587
0.371744
0.372436
0.372096
0.370431
0.369047
0.367785
0.367264
0.366975
0.368621
0.368555
0.368436
0.367453
0.366244
0.367619
0.367196
0.367878
0.366929
0.366353
0.366156
0.365493
0.365064
0.369722
0.371798
0.3723
0.370661
0.368114
0.366046
0.36439
0.363395
0.362907
0.363211
0.364049
0.365296
0.366163
0.366829
0.367234
0.368198
0.370189
0.372408
0.371593
0.369702
0.367688
0.365612
0.364793
0.364944
0.365189
0.365811
0.366435
0.367784
0.369618
0.372535
0.372218
0.371394
0.369811
0.367967
0.36732
0.366897
0.367373
0.367287
0.368399
0.368611
0.370419
0.370514
0.373673
0.372368
0.373252
0.371509
0.369656
0.368734
0.367191
0.367764
0.368697
0.369089
0.368755
0.369314
0.370956
0.371449
0.372523
0.371764
0.373106
0.372611
0.37222
0.370583
0.370713
0.374139
0.372559
0.371605
0.370027
0.368709
0.368872
0.368444
0.368767
0.369308
0.370713
0.372236
0.373256
0.372331
0.37145
0.371052
0.369599
0.369951
0.371444
0.370885
0.369839
0.36875
0.368817
0.368578
0.369732
0.370825
0.377861
0.374496
0.373304
0.370655
0.368129
0.367183
0.365592
0.364942
0.365027
0.364797
0.365086
0.365461
0.366194
0.368336
0.371935
0.371168
0.369079
0.36654
0.364424
0.362272
0.361025
0.360478
0.360014
0.360118
0.360182
0.360356
0.360924
0.361972
0.364105
0.365247
0.363489
0.361341
0.359529
0.357525
0.356092
0.355757
0.355197
0.355405
0.355505
0.355675
0.356122
0.357042
0.359189
0.357794
0.342716
0.324169
0.304739
0.286996
0.272459
0.261563
0.254089
0.249376
0.246515
0.244618
0.243046
0.241502
0.239987
0.238662
0.237687
0.23712
0.236903
0.236924
0.237089
0.237367
0.237785
0.2384
0.239219
0.24012
0.240937
0.241596
0.242233
0.243099
0.244176
0.245192
0.246053
0.246858
0.247974
0.249451
0.251052
0.25248
0.25371
0.254975
0.256569
0.258382
0.260008
0.261357
0.262563
0.264039
0.265893
0.219711
0.168941
0.157085
0.165864
0.168136
0.16135
0.150893
0.1414
0.134471
0.129875
0.127085
0.125628
0.124911
0.124324
0.123565
0.122708
0.121927
0.121238
0.120512
0.119675
0.118845
0.118232
0.117948
0.1179
0.117889
0.117793
0.117658
0.117623
0.117787
0.118137
0.118581
0.119025
0.119424
0.119783
0.120122
0.120463
0.12083
0.121269
0.121836
0.122572
0.123479
0.124515
0.12562
0.126736
0.127829
0.128886
0.12991
0.130918
0.130966
0.130877
0.130865
0.131205
0.131882
0.132867
0.133564
0.134175
0.134653
0.135591
0.136838
0.138363
0.138887
0.139699
0.140546
0.141637
0.143866
0.146205
0.147169
0.14698
0.146754
0.147211
0.147423
0.149813
0.150999
0.153478
0.153686
0.154999
0.155738
0.15622
0.157424
0.159933
0.161463
0.16197
0.161908
0.162464
0.162953
0.163827
0.164886
0.169535
0.170361
0.170069
0.169266
0.168608
0.168623
0.169354
0.17131
0.173222
0.175284
0.176929
0.178711
0.180038
0.181551
0.182676
0.183358
0.182752
0.182279
0.182257
0.182284
0.183923
0.18569
0.188042
0.18809
0.188676
0.189377
0.189588
0.192268
0.194118
0.195366
0.194989
0.195081
0.195972
0.195922
0.197712
0.199479
0.200611
0.201115
0.202402
0.204037
0.20486
0.204857
0.204719
0.205916
0.206242
0.208886
0.207766
0.208509
0.208376
0.208605
0.210964
0.211913
0.214454
0.216117
0.218294
0.220065
0.221678
0.222906
0.223696
0.222665
0.221302
0.220107
0.219425
0.219811
0.221172
0.223594
0.225114
0.224422
0.224064
0.224703
0.224657
0.224812
0.225217
0.22853
0.228541
0.22683
0.226012
0.225777
0.225649
0.225385
0.225395
0.2251
0.224878
0.224887
0.224864
0.224985
0.225395
0.22645
0.227353
0.226228
0.225569
0.225513
0.225643
0.225565
0.225851
0.226135
0.226197
0.225989
0.225634
0.22579
0.226805
0.227413
0.228261
0.226611
0.226614
0.226455
0.226346
0.226984
0.226598
0.22649
0.226493
0.226901
0.22696
0.22696
0.226795
0.227718
0.22881
0.228626
0.227599
0.227424
0.227778
0.227353
0.227733
0.227945
0.227399
0.227652
0.227756
0.228
0.228266
0.229149
0.229388
0.229303
0.228549
0.228888
0.229047
0.228531
0.229588
0.230265
0.22895
0.228496
0.228445
0.228454
0.228963
0.229233
0.229618
0.230044
0.230326
0.229686
0.229596
0.229851
0.22981
0.230506
0.231159
0.231694
0.230707
0.230268
0.230136
0.23029
0.23019
0.22866
0.228176
0.227833
0.227431
0.226963
0.226498
0.226075
0.2257
0.225366
0.225067
0.224802
0.224565
0.224349
0.224145
0.223947
0.223751
0.223555
0.223359
0.223144
0.222929
0.222737
0.222575
0.22244
0.222327
0.222229
0.222138
0.222052
0.221968
0.221883
0.221799
0.221715
0.221631
0.221549
0.221469
0.221394
0.221325
0.221263
0.22121
0.221165
0.221125
0.22109
0.221055
0.221019
0.220982
0.220945
0.220907
0.220872
0.22084
0.220812
0.220786
0.220763
0.220741
0.22072
0.2207
0.22068
0.22066
0.220641
0.220621
0.220601
0.220583
0.220566
0.22055
0.220536
0.220524
0.220509
0.220485
0.220477
0.220477
0.220473
0.21986
0.216713
0.212049
0.206644
0.201078
0.195755
0.19092
0.186669
0.18291
0.179511
0.176344
0.173317
0.17037
0.167427
0.164449
0.161469
0.15854
0.155725
0.153085
0.150671
0.148515
0.146632
0.145003
0.143591
0.142363
0.141286
0.140329
0.139465
0.138666
0.137904
0.137177
0.136486
0.135837
0.135233
0.134661
0.134111
0.133575
0.133051
0.13254
0.132047
0.131575
0.131125
0.130694
0.130277
0.12987
0.129466
0.129063
0.128657
0.128246
0.127825
0.127391
0.126945
0.126488
0.126028
0.125571
0.125125
0.124694
0.12428
0.12388
0.123493
0.123113
0.122739
0.122368
0.121997
0.121624
0.121247
0.120865
0.12048
0.120094
0.119713
0.119342
0.118983
0.118639
0.11831
0.117992
0.117684
0.117383
0.117086
0.116791
0.116495
0.116198
0.115898
0.115595
0.115292
0.11499
0.114693
0.114404
0.114124
0.113856
0.113596
0.113345
0.1131
0.112859
0.11262
0.112382
0.112143
0.111903
0.111662
0.11142
0.111179
0.110941
0.110708
0.110483
0.110266
0.110058
0.109856
0.109662
0.109472
0.109285
0.1091
0.108916
0.108733
0.108549
0.108364
0.108181
0.107999
0.107821
0.107648
0.107481
0.10732
0.107164
0.107014
0.106868
0.106724
0.106581
0.106439
0.106297
0.106154
0.10601
0.105865
0.105721
0.105578
0.105437
0.105299
0.105165
0.105035
0.104908
0.104783
0.10466
0.104539
0.104417
0.104295
0.104172
0.104049
0.103924
0.103799
0.103675
0.103552
0.103432
0.103313
0.103198
0.103086
0.102976
0.102868
0.102762
0.102656
0.10255
0.102445
0.102339
0.102233
0.102126
0.10202
0.101915
0.101811
0.101708
0.101608
0.10151
0.101414
0.101319
0.101225
0.101132
0.101038
0.100944
0.100849
0.100754
0.100658
0.100561
0.100464
0.100367
0.10027
0.100175
0.10008
0.0999868
0.0998939
0.0998015
0.0997092
0.0996168
0.099524
0.0994307
0.0993367
0.0992421
0.0991472
0.0990522
0.0989575
0.0988635
0.0987705
0.0986788
0.0985884
0.0984993
0.0984115
0.0983247
0.0982389
0.0981537
0.0980691
0.097985
0.0979014
0.0978184
0.0977361
0.0976548
0.0975747
0.097496
0.0974189
0.0973435
0.0972696
0.0971973
0.0971262
0.0970563
0.0969872
0.0969187
0.0968507
0.0967831
0.0967158
0.0966489
0.0965824
0.0965164
0.096451
0.0963863
0.0963224
0.0962591
0.0961965
0.0961344
0.0960726
0.096011
0.0959494
0.0958877
0.0958257
0.0957635
0.0957011
0.0956385
0.0955759
0.0955134
0.095451
0.0953891
0.0953274
0.0952662
0.0952053
0.0951447
0.0950843
0.0950241
0.094964
0.0949039
0.0948438
0.0947837
0.0947237
0.0946639
0.0946044
0.0945453
0.0944865
0.0944283
0.0943706
0.0943133
0.0942564
0.0941998
0.0941434
0.0940871
0.0940308
0.0939745
0.093918
0.0938615
0.0938049
0.0937481
0.0936913
0.0936345
0.0935777
0.0935208
0.0934639
0.0934069
0.0933497
0.0932923
0.0932345
0.0931764
0.0931179
0.0930589
0.0929995
0.0929398
0.0928797
0.0928194
0.0927589
0.0926983
0.0926377
0.092577
0.0925165
0.092456
0.0923955
0.0923352
0.092275
0.0922149
0.0921549
0.0920952
0.0920358
0.0919766
0.091918
0.0918598
0.0918022
0.0917452
0.0916889
0.0916333
0.0915784
0.0915242
0.0914707
0.0914179
0.0913657
0.0913141
0.0912631
0.0912127
0.0911629
0.0911136
0.0910649
0.0910167
0.0909691
0.090922
0.0908754
0.0908293
0.0907835
0.0907381
0.090693
0.090648
0.0906032
0.0905586
0.090514
0.0904695
0.090425
0.0903805
0.0903361
0.0902916
0.0902473
0.0902029
0.0901586
0.0901143
0.09007
0.0900256
0.0899813
0.0899369
0.0898925
0.089848
0.0898036
0.0897591
0.0897147
0.0896704
0.0896262
0.0895821
0.0895381
0.0894943
0.0894506
0.0894071
0.0893638
0.0893206
0.0892775
0.0892346
0.0891918
0.089149
0.0891064
0.0890639
0.0890214
0.088979
0.0889367
0.0888944
0.0888521
0.0888098
0.0887675
0.0887251
0.0886827
0.0886401
0.0885974
0.0885545
0.0885113
0.088468
0.0884244
0.0883806
0.0883365
0.0882922
0.0882477
0.0882029
0.0881579
0.0881127
0.0880673
0.0880217
0.0879759
0.08793
0.087884
0.0878378
0.0877915
0.0877453
0.087699
0.0876527
0.0876065
0.0875605
0.0875146
0.087469
0.0874235
0.0873784
0.0873336
0.0872891
0.087245
0.0872012
0.0871579
0.087115
0.0870725
0.0870305
0.086989
0.0869479
0.0869074
0.0868673
0.0868276
0.0867885
0.0867498
0.0867116
0.0866737
0.0866363
0.0865992
0.0865625
0.0865261
0.08649
0.0864541
0.0864185
0.086383
0.0863478
0.0863127
0.0862778
0.0862429
0.0862082
0.0861735
0.0861389
0.0861043
0.0860698
0.0860352
0.0860006
0.0859661
0.0859315
0.0858969
0.0858623
0.0858277
0.085793
0.0857584
0.0857238
0.0856893
0.0856547
0.0856202
0.0855858
0.0855514
0.0855171
0.0854828
0.0854487
0.0854146
0.0853806
0.0853466
0.0853128
0.0852791
0.0852454
0.0852119
0.0851784
0.085145
0.0851117
0.0850784
0.0850452
0.085012
0.0849788
0.0849456
0.0849123
0.0848791
0.0848457
0.0848123
0.0847788
0.0847452
0.0847115
0.0846776
0.0846436
0.0846095
0.0845752
0.0845407
0.0845061
0.0844712
0.0844363
0.0844011
0.0843658
0.0843303
0.0842947
0.084259
0.0842232
0.0841873
0.0841513
0.0841153
0.0840793
0.0840433
0.0840073
0.0839714
0.0839355
0.0838998
0.0838643
0.0838289
0.0837937
0.0837587
0.083724
0.0836895
0.0836553
0.0836215
0.0835879
0.0835547
0.0835218
0.0834892
0.083457
0.0834252
0.0833937
0.0833626
0.0833318
0.0833013
0.0832711
0.0832413
0.0832117
0.0831825
0.0831535
0.0831247
0.0830962
0.0830679
0.0830398
0.0830118
0.082984
0.0829564
0.0829288
0.0829014
0.082874
0.0828467
0.0828194
0.0827922
0.0827651
0.0827379
0.0827108
0.0826837
0.0826566
0.0826295
0.0826025
0.0825754
0.0825483
0.0825213
0.0824943
0.0824673
0.0824403
0.0824134
0.0823865
0.0823596
0.0823328
0.0823061
0.0822794
0.0822527
0.0822262
0.0821997
0.0821733
0.0821469
0.0821206
0.0820943
0.0820682
0.082042
0.0820159
0.0819899
0.0819639
0.0819378
0.0819118
0.0818858
0.0818598
0.0818338
0.0818077
0.0817815
0.0817553
0.0817291
0.0817027
0.0816763
0.0816497
0.0816231
0.0815963
0.0815694
0.0815424
0.0815153
0.0814881
0.0814608
0.0814334
0.0814058
0.0813782
0.0813505
0.0813227
0.0812949
0.0812671
0.0812392
0.0812113
0.0811834
0.0811556
0.0811278
0.0811
0.0810724
0.0810449
0.0810175
0.0809902
0.0809631
0.0809362
0.0809095
0.080883
0.0808567
0.0808306
0.0808048
0.0807792
0.0807539
0.0807288
0.080704
0.0806795
0.0806552
0.0806312
0.0806074
0.0805838
0.0805605
0.0805374
0.0805146
0.0804919
0.0804694
0.0804471
0.080425
0.080403
0.0803812
0.0803594
0.0803378
0.0803163
0.0802949
0.0802736
0.0802523
0.0802311
0.0802099
0.0801888
0.0801677
0.0801467
0.0801257
0.0801046
0.0800837
0.0800627
0.0800417
0.0800208
0.0799999
0.079979
0.0799581
0.0799373
0.0799165
0.0798957
0.079875
0.0798543
0.0798336
0.079813
0.0797924
0.0797719
0.0797514
0.079731
0.0797106
0.0796903
0.07967
0.0796498
0.0796295
0.0796094
0.0795892
0.0795691
0.0795489
0.0795288
0.0795087
0.0794885
0.0794684
0.0794482
0.079428
0.0794077
0.0793874
0.0793671
0.0793466
0.0793262
0.0793056
0.079285
0.0792643
0.0792435
0.0792226
0.0792017
0.0791807
0.0791596
0.0791385
0.0791173
0.079096
0.0790747
0.0790534
0.0790321
0.0790107
0.0789894
0.078968
0.0789467
0.0789254
0.0789042
0.0788831
0.078862
0.078841
0.0788202
0.0787994
0.0787788
0.0787583
0.078738
0.0787178
0.0786979
0.078678
0.0786584
0.078639
0.0786197
0.0786006
0.0785818
0.0785631
0.0785446
0.0785263
0.0785081
0.0784902
0.0784724
0.0784547
0.0784373
0.0784199
0.0784027
0.0783857
0.0783688
0.0783519
0.0783352
0.0783186
0.078302
0.0782855
0.0782691
0.0782528
0.0782365
0.0782203
0.0782041
0.0781879
0.0781718
0.0781556
0.0781396
0.0781235
0.0781075
0.0780915
0.0780755
0.0780595
0.0780436
0.0780277
0.0780118
0.0779959
0.0779801
0.0779643
0.0779485
0.0779327
0.077917
0.0779014
0.0778857
0.0778701
0.0778545
0.077839
0.0778235
0.077808
0.0777926
0.0777772
0.0777618
0.0777464
0.077731
0.0777157
0.0777003
0.077685
0.0776696
0.0776542
0.0776389
0.0776235
0.077608
0.0775926
0.077577
0.0775615
0.0775459
0.0775303
0.0775146
0.0774989
0.0774831
0.0774673
0.0774514
0.0774355
0.0774195
0.0774035
0.0773639
0.0771611
0.0768261
0.0764
0.0759158
0.0753907
0.0748282
0.0742257
0.0735826
0.0729044
0.0722027
0.0714924
0.0707883
0.0701015
0.0694385
0.0687996
0.0681806
0.0675744
0.0669737
0.0663728
0.065769
0.0651633
0.0645591
0.0639617
0.0633765
0.0628075
0.0622568
0.061724
0.0612066
0.0607005
0.0602014
0.0597059
0.0592117
0.0587183
0.0582267
0.057739
0.0572576
0.0567847
0.0563218
0.0558693
0.0554267
0.0549929
0.0545663
0.0541454
0.0537291
0.0533169
0.0529087
0.0525051
0.0521066
0.0517138
0.0513272
0.050947
0.0505729
0.0502047
0.0498417
0.0494836
0.0491297
0.0487801
0.0484344
0.048093
0.0477558
0.0474229
0.0470945
0.0467705
0.0464507
0.0461349
0.045823
0.0455146
0.0452095
0.0449078
0.0446092
0.044314
0.044022
0.0437333
0.0434479
0.0431658
0.0428869
0.0426111
0.0423382
0.0420682
0.0418009
0.0415363
0.0412743
0.0410149
0.040758
0.0405038
0.040252
0.0400028
0.0397561
0.0395118
0.0392698
0.0390302
0.0387928
0.0385576
0.0383247
0.0380938
0.0378652
0.0376386
0.0374142
0.0371918
0.0369716
0.0367533
0.0365372
0.036323
0.0361109
0.0359008
0.0356926
0.0354865
0.0352824
0.0350803
0.0348802
0.034682
0.0344859
0.0342916
0.0340993
0.0339089
0.0337205
0.0335339
0.0333493
0.0331665
0.0329857
0.0328068
0.0326298
0.0324547
0.0322814
0.03211
0.0319404
0.0317725
0.0316065
0.0314422
0.0312796
0.0311186
0.0309594
0.0308018
0.0306458
0.0304915
0.0303387
0.0301875
0.0300379
0.0298897
0.029743
0.0295978
0.0294541
0.0293117
0.0291707
0.029031
0.0288927
0.0287557
0.0286201
0.0284857
0.0283525
0.0282207
0.02809
0.0279607
0.0278325
0.0277056
0.0275798
0.0274553
0.0273319
0.0272096
0.0270885
0.0269686
0.0268497
0.026732
0.0266154
0.0264999
0.0263855
0.0262721
0.0261598
0.0260486
0.0259384
0.0258292
0.025721
0.0256138
0.0255076
0.0254023
0.0252979
0.0251944
0.0250918
0.0249901
0.0248892
0.0247891
0.0246899
0.0245914
0.0244937
0.0243967
0.0243005
0.024205
0.0241102
0.0240161
0.0239226
0.0238298
0.0237376
0.023646
0.0235551
0.0234648
0.0233751
0.023286
0.0231975
0.0231097
0.0230224
0.0229358
0.0228498
0.0227645
0.0226798
0.0225957
0.0225122
0.0224295
0.0223474
0.022266
0.0221852
0.0221052
0.0220259
0.0219473
0.0218694
0.0217923
0.021716
0.0216404
0.0215655
0.0214914
0.0214181
0.0213455
0.0212737
0.0212027
0.0211324
0.0210629
0.0209941
0.020926
0.0208587
0.0207921
0.0207263
0.0206611
0.0205966
0.0205328
0.0204696
0.0204071
0.0203452
0.0202839
0.0202232
0.0201631
0.0201036
0.0200446
0.0199862
0.0199283
0.019871
0.0198141
0.0197578
0.0197019
0.0196466
0.0195917
0.0195373
0.0194834
0.0194299
0.0193769
0.0193243
0.0192722
0.0192206
0.0191694
0.0191186
0.0190683
0.0190184
0.018969
0.0189201
0.0188715
0.0188234
0.0187757
0.0187285
0.0186817
0.0186353
0.0185893
0.0185437
0.0184985
0.0184536
0.0184092
0.0183651
0.0183214
0.018278
0.0182349
0.0181922
0.0181498
0.0181076
0.0180657
0.0180241
0.0179827
0.0179416
0.0179007
0.01786
0.0178195
0.0177792
0.017739
0.0176991
0.0176593
0.0176196
0.0175801
0.0175408
0.0175016
0.0174626
0.0174237
0.017385
0.0173465
0.017308
0.0172698
0.0172318
0.0171939
0.0171562
0.0171188
0.0170815
0.0170427
0.0170006
0.0169558
0.016909
0.0168608
0.0168119
0.0167628
0.0167139
0.0166656
0.0166181
0.0165715
0.0165259
0.0164812
0.016437
0.0163932
0.0163494
0.0163057
0.0162621
0.0162189
0.0161761
0.016134
0.0160928
0.0160524
0.0160128
0.0159737
0.0159351
0.0158966
0.0158582
0.0158199
0.0157816
0.0157434
0.0157056
0.0156682
0.0156314
0.0155951
0.0155593
0.015524
0.0154891
0.0154543
0.0154198
0.0153853
0.0153509
0.0153167
0.0152827
0.015249
0.0152156
0.0151825
0.0151498
0.0151174
0.0150853
0.0150534
0.0150219
0.0149905
0.0149593
0.0149284
0.0148977
0.0148673
0.0148372
0.0148073
0.0147777
0.0147484
0.0147193
0.0146904
0.0146618
0.0146334
0.0146053
0.0145773
0.0145496
0.0145221
0.0144948
0.0144677
0.0144408
0.0144141
0.0143875
0.014361
0.0143347
0.0143085
0.0142824
0.0142564
0.0142304
0.0142046
0.0141789
0.0141532
0.0141276
0.0141021
0.0140766
0.0140512
0.0140258
0.0140004
0.0139751
0.0139499
0.0139247
0.0138995
0.0138744
0.0138493
0.0138243
0.0137994
0.0137746
0.0137499
0.0137252
0.0137007
0.0136763
0.013652
0.0136279
0.0136039
0.0135801
0.0135564
0.0135329
0.0135095
0.0134864
0.0134635
0.0134407
0.0134182
0.0133959
0.0133738
0.0133519
0.0133302
0.0133088
0.0132876
0.0132666
0.0132458
0.0132252
0.0132048
0.0131847
0.0131647
0.0131449
0.0131253
0.0131059
0.0130867
0.0130676
0.0130488
0.01303
0.0130114
0.012993
0.0129747
0.0129566
0.0129385
0.0129206
0.0129028
0.0128851
0.0128676
0.0128501
0.0128328
0.0128156
0.0127984
0.0127814
0.0127645
0.0127478
0.0127311
0.0127145
0.0126981
0.0126817
0.0126655
0.0126494
0.0126334
0.0126175
0.0126018
0.0125861
0.0125706
0.0125552
0.0125399
0.0125247
0.0125097
0.0124947
0.0124799
0.0124651
0.0124504
0.0124359
0.0124214
0.012407
0.0123926
0.0123783
0.0123641
0.0123499
0.0123357
0.0123216
0.0123075
0.0122934
0.0122794
0.0122653
0.0122512
0.0122372
0.0122231
0.0122089
0.0121948
0.0121806
0.0121664
0.0121522
0.0121379
0.0121236
0.0121093
0.012095
0.0120806
0.0120662
0.0120518
0.0120374
0.012023
0.0120086
0.0119942
0.0119798
0.0119655
0.0119511
0.0119369
0.0119226
0.0119084
0.0118943
0.0118803
0.0118663
0.0118524
0.0118387
0.011825
0.0118114
0.0117979
0.0117846
0.0117713
0.0117582
0.0117452
0.0117323
0.0117196
0.011707
0.0116944
0.011682
0.0116698
0.0116576
0.0116455
0.0116336
0.0116218
0.01161
0.0115984
0.0115868
0.0115753
0.0115639
0.0115526
0.0115414
0.0115302
0.0115191
0.0115081
0.0114971
0.0114862
0.0114753
0.0114645
0.0114537
0.011443
0.0114324
0.0114218
0.0114112
0.0114007
0.0113902
0.0113798
0.0113694
0.0113591
0.0113489
0.0113387
0.0113285
0.0113184
0.0113084
0.0112984
0.0112885
0.0112786
0.0112688
0.0112591
0.0112494
0.0112397
0.0112301
0.0112206
0.0112111
0.0112016
0.0111921
0.0111827
0.0111733
0.011164
0.0111546
0.0111453
0.011136
0.0111266
0.0111173
0.0111079
0.0110986
0.0110892
0.0110798
0.0110703
0.0110609
0.0110513
0.0110418
0.0110322
0.0110225
0.0110128
0.0110031
0.0109933
0.0109835
0.0109736
0.0109636
0.0109537
0.0109437
0.0109336
0.0109236
0.0109135
0.0109034
0.0108932
0.0108831
0.010873
0.0108628
0.0108527
0.0108426
0.0108325
0.0108224
0.0108124
0.0108024
0.0107925
0.0107826
0.0107728
0.010763
0.0107533
0.0107437
0.0107341
0.0107246
0.0107152
0.0107058
0.0106966
0.0106874
0.0106783
0.0106692
0.0106602
0.0106514
0.0106425
0.0106338
0.0106251
0.0106165
0.0106079
0.0105994
0.0105909
0.0105825
0.0105742
0.0105659
0.0105576
0.0105494
0.0105412
0.010533
0.0105249
0.0105168
0.0105088
0.0105007
0.0104928
0.0104848
0.0104768
0.0104689
0.010461
0.0104532
0.0104453
0.0104375
0.0104298
0.010422
0.0104143
0.0104066
0.010399
0.0103913
0.0103837
0.0103762
0.0103686
0.0103611
0.0103537
0.0103462
0.0103388
0.0103314
0.010324
0.0103166
0.0103093
0.010302
0.0102946
0.0102873
0.01028
0.0102727
0.0102654
0.0102581
0.0102508
0.0102434
0.010236
0.0102286
0.0102212
0.0102138
0.0102063
0.0101988
0.0101912
0.0101836
0.010176
0.0101683
0.0101606
0.0101528
0.010145
0.0101371
0.0101292
0.0101213
0.0101133
0.0101053
0.0100972
0.0100891
0.010081
0.0100729
0.0100647
0.0100565
0.0100484
0.0100402
0.010032
0.0100238
0.0100157
0.0100075
0.00999938
0.00999127
0.00998318
0.00997513
0.00996712
0.00995915
0.00995121
0.00994333
0.00993549
0.00992769
0.00991995
0.00991227
0.00990463
0.00989705
0.00988952
0.00988204
0.00987462
0.00986725
0.00985993
0.00985266
0.00984543
0.00983825
0.00983112
0.00982402
0.00981697
0.00980995
0.00980297
0.00979602
0.0097891
0.00978221
0.00977535
0.00976852
0.00976171
0.00975492
0.00974815
0.00974141
0.00973469
0.00972798
0.0097213
0.00971463
0.00970799
0.00970136
0.00969475
0.00968816
0.00968159
0.00967503
0.0096685
0.00966199
0.00965549
0.00964901
0.00964256
0.00963612
0.00962969
0.00962329
0.0096169
0.00961053
0.00960417
0.00959783
0.00959149
0.00958517
0.00957885
0.00957254
0.00956623
0.00955992
0.00955361
0.00954729
0.00954097
0.00953463
0.00952828
0.00952192
0.00951553
0.00950913
0.00950269
0.00949624
0.00948975
0.00948323
0.00947668
0.0094701
0.00946348
0.00945682
0.00945013
0.0094434
0.00943663
0.00942983
0.009423
0.00941613
0.00940922
0.00940229
0.00939533
0.00938835
0.00938134
0.00937431
0.00936727
0.00936021
0.00935315
0.00934608
0.009339
0.00933193
0.00932486
0.0093178
0.00931076
0.00930373
0.00929671
0.00928972
0.00928276
0.00927582
0.00926892
0.00926204
0.00925521
0.0092484
0.00924164
0.00923491
0.00922822
0.00922157
0.00921497
0.0092084
0.00920187
0.00919538
0.00918893
0.00918251
0.00917614
0.0091698
0.00916349
0.00915721
0.00915097
0.00914476
0.00913857
0.00913241
0.00912628
0.00912017
0.00911409
0.00910802
0.00910198
0.00909595
0.00908994
0.00908396
0.00907798
0.00907203
0.00906609
0.00906016
0.00905425
0.00904835
0.00904247
0.00903661
0.00903075
0.00902491
0.00901909
0.00901328
0.00900748
0.0090017
0.00899593
0.00899017
0.00898442
0.00897869
0.00897296
0.00896725
0.00896154
0.00895585
0.00895015
0.00894447
0.00893878
0.0089331
0.00892742
0.00892174
0.00891605
0.00891036
0.00890465
0.00889894
0.00889322
0.00888748
0.00888172
0.00887595
0.00887016
0.00886434
0.00885851
0.00885264
0.00884676
0.00884084
0.0088349
0.00882893
0.00882293
0.00881691
0.00881085
0.00880477
0.00879866
0.00879253
0.00878637
0.00878018
0.00877398
0.00876776
0.00876152
0.00875526
0.00874899
0.00874272
0.00873643
0.00873014
0.00872385
0.00871756
0.00871127
0.00870499
0.00869871
0.00869245
0.00868621
0.00867998
0.00867377
0.00866758
0.00866141
0.00865527
0.00864916
0.00864307
0.00863701
0.00863098
0.00862498
0.00861902
0.00861308
0.00860717
0.0086013
0.00859546
0.00858965
0.00858387
0.00857811
0.00857239
0.00856669
0.00856103
0.00855538
0.00854976
0.00854417
0.0085386
0.00853305
0.00852752
0.00852201
0.00851652
0.00851104
0.00850559
0.00850014
0.00849472
0.00848931
0.00848391
0.00847853
0.00847316
0.0084678
0.00846246
0.00845713
0.00845181
0.0084465
0.0084412
0.00843592
0.00843064
0.00842538
0.00842012
0.00841488
0.00840964
0.00840442
0.0083992
0.00839399
0.00838879
0.00838359
0.0083784
0.00837321
0.00836803
0.00836284
0.00835766
0.00835248
0.00834729
0.0083421
0.0083369
0.0083317
0.00832649
0.00832127
0.00831604
0.00831079
0.00830553
0.00830026
0.00829497
0.00828966
0.00828433
0.00827899
0.00827362
0.00826823
0.00826282
0.00825739
0.00825194
0.00824647
0.00824098
0.00823547
0.00822994
0.00822439
0.00821882
0.00821324
0.00820764
0.00820203
0.00819642
0.00819079
0.00818515
0.00817951
0.00817387
0.00816822
0.00816258
0.00815694
0.00815131
0.00814568
0.00814006
0.00813446
0.00812886
0.00812329
0.00811773
0.00811218
0.00810666
0.00810116
0.00809568
0.00809022
0.00808479
0.00807938
0.008074
0.00806864
0.0080633
0.008058
0.00805271
0.00804745
0.00804222
0.00803701
0.00803183
0.00802666
0.00802152
0.00801641
0.00801131
0.00800623
0.00800118
0.00799614
0.00799112
0.00798611
0.00798113
0.00797615
0.0079712
0.00796626
0.00796133
0.00795641
0.00795151
0.00794662
0.00794174
0.00793688
0.00793202
0.00792718
0.00792234
0.00791752
0.0079127
0.0079079
0.0079031
0.00789832
0.00789354
0.00788877
0.007884
0.00787925
0.0078745
0.00786975
0.00786501
0.00786028
0.00785555
0.00785082
0.00784609
0.00784137
0.00783665
0.00783192
0.00782719
0.00782246
0.00781773
0.00781299
0.00780824
0.00780349
0.00779873
0.00779395
0.00778917
0.00778438
0.00777957
0.00777475
0.00776992
0.00776507
0.00776021
0.00775533
0.00775044
0.00774553
0.00774061
0.00773567
0.00773072
0.00772575
0.00772077
0.00771578
0.00771077
0.00770575
0.00770073
0.00769569
0.00769065
0.0076856
0.00768055
0.00767549
0.00767044
0.00766538
0.00766032
0.00765527
0.00765023
0.00764519
0.00764016
0.00763513
0.00763012
0.00762513
0.00762014
0.00761517
0.00761022
0.00760528
0.00760036
0.00759546
0.00759058
0.00758572
0.00758088
0.00757606
0.00757126
0.00756649
0.00756173
0.00755699
0.00755228
0.00754758
0.0075429
0.00753825
0.00753361
0.00752899
0.00752439
0.00751981
0.00751524
0.00751069
0.00750616
0.00750164
0.00749713
0.00749264
0.00748816
0.0074837
0.00747925
0.00747481
0.00747038
0.00746596
0.00746155
0.00745716
0.00745277
0.00744839
0.00744402
0.00743966
0.00743531
0.00743097
0.00742664
0.00742231
0.00741799
0.00741368
0.00740937
0.00740507
0.00740077
0.00739648
0.0073922
0.00738791
0.00738363
0.00737936
0.00737508
0.00737081
0.00736653
0.00736226
0.00735798
0.0073537
0.00734942
0.00734514
0.00734085
0.00733656
0.00733226
0.00732795
0.00732363
0.00731931
0.00731498
0.00731064
0.00730629
0.00730193
0.00729755
0.00729317
0.00728878
0.00728438
0.00727996
0.00727554
0.0072711
0.00726666
0.0072622
0.00725774
0.00725327
0.00724879
0.0072443
0.00723981
0.00723532
0.00723082
0.00722632
0.00722182
0.00721732
0.00721282
0.00720832
0.00720383
0.00719934
0.00719486
0.00719038
0.00718592
0.00718146
0.00717701
0.00717258
0.00716816
0.00716375
0.00715935
0.00715498
0.00715061
0.00714626
0.00714193
0.00713762
0.00713332
0.00712904
0.00712477
0.00712053
0.0071163
0.00711209
0.0071079
0.00710372
0.00709956
0.00709541
0.00709128
0.00708717
0.00708307
0.00707899
0.00707492
0.00707087
0.00706682
0.00706279
0.00705878
0.00705477
0.00705078
0.0070468
0.00704283
0.00703887
0.00703492
0.00703098
0.00702704
0.00702312
0.00701921
0.0070153
0.0070114
0.00700751
0.00700363
0.00699975
0.00699588
0.00699202
0.00698816
0.00698431
0.00698046
0.00697662
0.00697278
0.00696895
0.00696512
0.00696129
0.00695746
0.00695364
0.00694982
0.006946
0.00694217
0.00693835
0.00693453
0.0069307
0.00692688
0.00692305
0.00691921
0.00691538
0.00691153
0.00690769
0.00690383
0.00689997
0.00689611
0.00689224
0.00688836
0.00688447
0.00688058
0.00687668
0.00687277
0.00686886
0.00686494
0.00686101
0.00685708
0.00685314
0.00684919
0.00684524
0.00684129
0.00683733
0.00683337
0.0068294
0.00682544
0.00682147
0.00681751
0.00681354
0.00680958
0.00680562
0.00680167
0.00679772
0.00679377
0.00678984
0.00678591
0.00678199
0.00677808
0.00677417
0.00677028
0.0067664
0.00676254
0.00675868
0.00675484
0.00675101
0.0067472
0.0067434
0.00673961
0.00673584
0.00673209
0.00672834
0.00672462
0.0067209
0.00671721
0.00671352
0.00670985
0.0067062
0.00670255
0.00669893
0.00669531
0.00669171
0.00668812
0.00668454
0.00668097
0.00667742
0.00667388
0.00667034
0.00666682
0.00666331
0.0066598
0.00665631
0.00665282
0.00664935
0.00664588
0.00664242
0.00663897
0.00663552
0.00663209
0.00662866
0.00662523
0.00662181
0.0066184
0.006615
0.0066116
0.0066082
0.00660481
0.00660142
0.00659804
0.00659466
0.00659128
0.00658791
0.00658454
0.00658117
0.00657781
0.00657444
0.00657107
0.00656771
0.00656434
0.00656098
0.00655761
0.00655424
0.00655087
0.0065475
0.00654412
0.00654075
0.00653736
0.00653398
0.00653059
0.0065272
0.0065238
0.0065204
0.00651699
0.00651358
0.00651016
0.00650674
0.00650332
0.00649989
0.00649646
0.00649302
0.00648959
0.00648615
0.0064827
0.00647926
0.00647581
0.00647237
0.00646892
0.00646548
0.00646203
0.00645859
0.00645516
0.00645172
0.00644829
0.00644487
0.00644145
0.00643803
0.00643463
0.00643123
0.00642784
0.00642446
0.00642108
0.00641772
0.00641437
0.00641103
0.0064077
0.00640438
0.00640107
0.00639778
0.0063945
0.00639123
0.00638797
0.00638473
0.00638149
0.00637827
0.00637507
0.00637187
0.00636869
0.00636552
0.00636236
0.00635921
0.00635608
0.00635295
0.00634984
0.00634673
0.00634364
0.00634056
0.00633748
0.00633442
0.00633137
0.00632832
0.00632528
0.00632226
0.00631924
0.00631622
0.00631322
0.00631022
0.00630723
0.00630425
0.00630127
0.0062983
0.00629533
0.00629237
0.00628942
0.00628647
0.00628353
0.00628059
0.00627765
0.00627472
0.0062718
0.00626887
0.00626595
0.00626304
0.00626012
0.00625721
0.0062543
0.00625139
0.00624848
0.00624557
0.00624267
0.00623976
0.00623686
0.00623395
0.00623104
0.00622813
0.00622522
0.00622231
0.0062194
0.00621649
0.00621357
0.00621065
0.00620773
0.00620481
0.00620188
0.00619895
0.00619602
0.00619309
0.00619016
0.00618722
0.00618428
0.00618134
0.0061784
0.00617546
0.00617252
0.00616958
0.00616664
0.0061637
0.00616076
0.00615782
0.00615489
0.00615196
0.00614903
0.0061461
0.00614318
0.00614027
0.00613736
0.00613445
0.00613156
0.00612867
0.00612578
0.00612291
0.00612004
0.00611719
0.00611434
0.0061115
0.00610867
0.00610585
0.00610304
0.00610024
0.00609745
0.00609467
0.00609191
0.00608915
0.0060864
0.00608367
0.00608094
0.00607823
0.00607553
0.00607283
0.00607015
0.00606748
0.00606482
0.00606216
0.00605952
0.00605689
0.00605426
0.00605165
0.00604904
0.00604644
0.00604385
0.00604127
0.00603869
0.00603613
0.00603357
0.00603101
0.00602847
0.00602593
0.00602339
0.00602087
0.00601835
0.00601583
0.00601332
0.00601082
0.00600832
0.00600582
0.00600333
0.00600085
0.00599837
0.00599589
0.00599341
0.00599094
0.00598848
0.00598601
0.00598355
0.00598109
0.00597863
0.00597618
0.00597372
0.00597127
0.00596882
0.00596637
0.00596392
0.00596147
0.00595902
0.00595658
0.00595413
0.00595168
0.00594923
0.00594678
0.00594433
0.00594188
0.00593943
0.00593698
0.00593453
0.00593207
0.00592962
0.00592716
0.00592471
0.00592225
0.0059198
0.00591734
0.00591489
0.00591243
0.00590998
0.00590752
0.00590507
0.00590262
0.00590018
0.00589773
0.00589529
0.00589285
0.00589042
0.00588799
0.00588556
0.00588314
0.00588072
0.00587831
0.00587591
0.00587351
0.00587112
0.00586873
0.00586636
0.00586399
0.00586163
0.00585928
0.00585693
0.0058546
0.00585227
0.00584995
0.00584764
0.00584534
0.00584305
0.00584077
0.0058385
0.00583624
0.00583399
0.00583174
0.00582951
0.00582728
0.00582506
0.00582286
0.00582066
0.00581847
0.00581628
0.00581411
0.00581194
0.00580979
0.00580763
0.00580549
0.00580336
0.00580123
0.00579911
0.00579699
0.00579488
0.00579278
0.00579068
0.00578859
0.00578651
0.00578443
0.00578236
0.00578029
0.00577822
0.00577617
0.00577411
0.00577206
0.00577002
0.00576798
0.00576594
0.00576391
0.00576188
0.00575985
0.00575783
0.00575581
0.00575379
0.00575178
0.00574976
0.00574775
0.00574575
0.00574374
0.00574174
0.00573973
0.00573773
0.00573573
0.00573373
0.00573173
0.00572974
0.00572774
0.00572574
0.00572375
0.00572175
0.00571976
0.00571776
0.00571577
0.00571378
0.00571178
0.00570979
0.0057078
0.00570581
0.00570382
0.00570183
0.00569984
0.00569785
0.00569587
0.00569388
0.0056919
0.00568992
0.00568794
0.00568597
0.005684
0.00568203
0.00568006
0.0056781
0.00567615
0.00567419
0.00567225
0.0056703
0.00566837
0.00566644
0.00566451
0.00566259
0.00566068
0.00565877
0.00565687
0.00565498
0.00565309
0.00565122
0.00564935
0.00564748
0.00564563
0.00564378
0.00564194
0.00564011
0.00563829
0.00563648
0.00563467
0.00563287
0.00563108
0.0056293
0.00562752
0.00562575
0.00562399
0.00562224
0.0056205
0.00561876
0.00561703
0.00561531
0.00561359
0.00561188
0.00561018
0.00560848
0.00560679
0.00560511
0.00560343
0.00560176
0.00560009
0.00559843
0.00559678
0.00559512
0.00559348
0.00559184
0.0055902
0.00558857
0.00558695
0.00558532
0.00558371
0.00558209
0.00558048
0.00557887
0.00557727
0.00557567
0.00557407
0.00557248
0.00557089
0.0055693
0.00556772
0.00556614
0.00556456
0.00556298
0.0055614
0.00555983
0.00555826
0.00555669
0.00555512
0.00555355
0.00555199
0.00555043
0.00554886
0.0055473
0.00554574
0.00554419
0.00554263
0.00554107
0.00553952
0.00553796
0.00553641
0.00553486
0.00553331
0.00553176
0.00553022
0.00552867
0.00552713
0.00552559
0.00552405
0.00552251
0.00552098
0.00551945
0.00551792
0.00551639
0.00551487
0.00551335
0.00551183
0.00551032
0.00550881
0.00550731
0.00550581
0.00550432
0.00550283
0.00550135
0.00549987
0.0054984
0.00549693
0.00549547
0.00549401
0.00549256
0.00549112
0.00548969
0.00548826
0.00548684
0.00548542
0.00548401
0.00548261
0.00548121
0.00547983
0.00547845
0.00547707
0.0054757
0.00547434
0.00547299
0.00547164
0.0054703
0.00546897
0.00546764
0.00546632
0.00546501
0.0054637
0.0054624
0.0054611
0.00545981
0.00545853
0.00545725
0.00545598
0.00545471
0.00545345
0.00545219
0.00545094
0.00544969
0.00544845
0.00544721
0.00544598
0.00544475
0.00544353
0.00544231
0.00544109
0.00543988
0.00543867
0.00543747
0.00543627
0.00543507
0.00543388
0.00543269
0.0054315
0.00543031
0.00542913
0.00542795
0.00542678
0.0054256
0.00542443
0.00542326
0.00542209
0.00542093
0.00541977
0.00541861
0.00541745
0.00541629
0.00541514
