
Dual Residual: 
1
598.751
240.444
259.348
215.877
133.359
39.5565
42.6061
96.1803
116.158
105.537
73.6064
32.4495
8.21775
36.1437
50.3372
50.1042
38.7407
21.4142
4.97677
12.7846
21.2406
23.2934
19.8248
12.9701
5.79296
5.32163
9.2199
11.0085
10.3021
7.89843
5.1974
4.19747
5.15562
6.0456
6.09076
5.43939
4.61658
4.19224
4.2932
4.54853
4.64141
4.52585
4.3282
4.19746
4.18556
4.23648
4.27232
4.26165
4.22238
4.18844
4.17808
4.1857
4.19529
4.19648
4.18986
4.18205
4.17824
4.17881
4.18092
4.18184
4.18096
4.17933
4.17824
4.17809
4.17847
4.17878
4.17872
4.17841
4.17814
4.17805
4.1781
4.17818
4.17819
4.19059
3.62734
2.88254
1.92271
0.863821
0.176578
1.08737
1.79304
2.24023
2.409
2.31056
1.98279
1.48348
0.882197
0.251831
0.339309
0.834025
1.19106
1.3877
1.42017
1.30213
1.0614
0.735638
0.367414
0.00155691
0.330644
0.592113
0.765142
0.840965
0.821799
0.719473
0.553204
0.346845
0.125931
0.0851422
0.265524
0.399705
0.47857
0.499678
0.466827
0.389011
0.278952
0.151392
0.0213638
0.0974067
0.193779
0.260087
0.292578
0.291387
0.260128
0.205156
0.134622
0.0574484
0.0176816
0.0831952
0.133301
0.164403
0.175249
0.166813
0.141967
0.104986
0.0609588
0.0151775
0.0274329
0.062786
0.0879706
0.101431
0.102987
0.0937116
0.0756874
0.0516885
0.0248207
0.00183501
0.0255387
0.0441404
0.0562412
0.0612609
0.0594132
0.051601
0.0392518
0.0241151
0.00804814
0.00718796
0.0201007
0.0295928
0.0350352
0.0362837
0.0336434
0.0277908
0.0196651
0.0103438
0.000916587
0.00762885
0.0144984
0.019154
0.0213427
0.0210932
0.018684
0.0145886
0.00940596
0.00378573
0.00164442
0.00634156
0.00989496
0.0120549
0.0127421
0.0120378
0.0101592
0.00742269
0.0042006
0.000877122
0.00219288
0.00471759
0.0064919
0.00740974
0.00746474
0.0067406
0.00539309
0.0036264
0.00166703
0.000262055
0.00196411
0.00328631
0.00413101
0.00446016
0.00429309
0.00369851
0.00278233
0.00167279
0.000504889
0.000594313
0.00151805
0.00218878
0.00256324
0.00263331
0.00242328
