
Objective value: 
2675
6828.98
11193.5
14790.8
17005.2
17645.7
16913.5
15276.1
13301.3
11505.6
10248.8
9688.49
9790.09
10377.9
11206.5
12031.2
12663.4
13000.3
13028.4
12807.1
12438.2
12034.1
11689.6
11464.9
11379.7
11417.7
11538.9
11693.1
11834.5
11930
11964.6
11940.3
11871.8
11780.5
11688.2
11611.9
11561.3
11537.9
11537
11549.8
11566.4
11578.2
11579.7
11569
11547.2
11517.8
11485.2
11453.5
11425.7
11403.2
11385.9
11372.6
11361.5
11350.6
11338.4
11323.9
11307.1
11288.2
11268
11247.5
11227.3
11208
11189.8
11172.6
11156
11139.8
11123.5
11106.9
11089.9
11072.3
11054.4
11036.4
11018.2
11000.2
10982.3
10968.9
10960.3
10956.6
10957.7
10963
10971.6
10982.2
10993.5
11004.2
11013.4
11020.3
11024.3
11025.5
11023.9
11020
11014.4
11008
11001.4
10995.3
10990.3
10986.8
10985.1
10985.1
10986.6
10989.4
10992.9
10996.9
11000.8
11004.1
11006.8
11008.4
11009
11008.6
11007.3
11005.5
11003.2
11000.9
10998.7
10996.8
10995.5
10994.8
10994.7
10995.2
10996.1
10997.3
10998.7
11000.1
11001.3
11002.2
11002.9
11003.1
11003.1
11002.7
11002
11001.3
11000.4
10999.7
10999
10998.5
10998.2
10998.1
10998.3
10998.6
10999
10999.5
10999.9
11000.4
11000.7
11001
11001.1
11001.1
11001
11000.8
11000.5
11000.2
10999.9
10999.7
10999.5
10999.4
10999.3
10999.4
10999.5
10999.6
10999.8
10999.9
11000.1
11000.2
11000.3
11000.4
11000.4
11000.3
11000.3
11000.2
11000.1
11000
10999.9
10999.8
10999.8
10999.8
10999.8
10999.8
10999.9
10999.9
11000
11000
11000.1
11000.1
11000.1
11000.1
11000.1
11000.1
11000.1
11000
11000
11000
10999.9
10999.9
10999.9
10999.9
10999.9
10999.9
11000
11000
11000
11000
11000
11000
11000
11000
11000
11000
11000
11000
11000
11000
