
Primal Residual: 
186.682
144.362
82.6234
17.4342
38.7488
72.4075
82.3389
71.5453
47.0901
17.544
9.32319
28.0271
36.2203
34.4199
25.28
12.509
0.219228
10.0093
15.3568
16.0459
12.9697
7.66748
1.83305
3.10108
6.22728
7.24894
6.40972
4.31713
1.72403
0.67354
2.3801
3.16717
3.06453
2.29547
1.18296
0.0546051
0.832158
1.33216
1.41993
1.16847
0.710677
0.195987
0.246995
0.534732
0.637413
0.573574
0.395044
0.167798
0.0460716
0.201455
0.276549
0.272524
0.208086
0.111328
0.0112913
0.0687776
0.115356
0.125499
0.105123
0.0656786
0.0203315
0.019387
0.0458068
0.0559756
0.0512619
0.0360749
0.0161881
0.00286651
0.0169889
0.0241112
0.024206
0.0188331
0.0104317
0.00157343
0.0123735
0.615825
1.08725
1.40094
1.54475
1.51621
1.33301
1.03011
0.651973
0.245845
0.144235
0.478259
0.728359
0.877122
0.919597
0.862385
0.721742
0.520889
0.286876
0.0473894
0.172199
0.351189
0.475246
0.537208
0.537089
0.481334
0.381484
0.252453
0.110635
0.0279553
0.149286
0.242579
0.301071
0.322308
0.30795
0.263173
0.195766
0.115061
0.0307952
0.0479301
0.113532
0.160574
0.186104
0.189707
0.17328
0.140601
0.0967404
0.0474007
0.00173826
0.0456054
0.0802023
0.102905
0.112592
0.109611
0.0955808
0.0731013
0.0453768
0.0158233
0.0123076
0.0362486
0.0539532
0.0642332
0.0667928
0.0621666
0.0515785
0.0367433
0.0196382
0.0022706
0.0135328
0.0262965
0.0350132
0.0391989
0.0388895
0.0345826
0.0271389
0.0176545
0.00732358
0.00269575
0.0113976
0.018017
0.0220837
0.0234409
0.0222287
0.018839
0.0138485
0.00794027
0.00182146
0.00385209
0.00853868
0.011855
0.0135993
0.0137539
0.0124674
0.0100224
0.0067923
0.00319311
0.000363996
0.00351483
0.00597503
0.00756123
0.00819965
0.00792233
0.00685291
0.00518424
0.00315132
0.00100252
0.00102752
0.00274075
0.0039925
0.00470088
0.00484879
0.00447899
0.00368343
0.00258864
0.00133908
8.02413e-05
0.00105648
0.00196596
0.00257751
0.00285863
0.00281444
0.00248322
0.00192902
0.00123238
0.000480224
0.000243754
0.000867463
0.00133667
0.00161876
0.00170391
0.00160368
0.00134768
0.000978572
0.000546312
0.000102236
0.000306422
