
Dual Residual: 
1
296.215
360.079
372.194
294.36
165.051
27.5404
84.3138
149.205
163.258
135.193
81.6862
21.6148
29.7807
61.6007
71.3256
61.8578
40.0221
14.1045
9.89205
25.0111
30.8132
27.9773
19.2571
8.36372
4.12782
10.5093
13.6378
13.0006
9.67128
5.3858
3.22822
4.97723
6.38826
6.37623
5.27349
3.89246
3.27073
3.6288
4.08907
4.16137
3.88058
3.51338
3.31968
3.34226
3.4326
3.46272
3.41701
3.35127
3.31946
3.32946
3.35298
3.36225
3.35109
3.33056
3.31381
3.30567
3.30284
3.30021
3.29571
3.29048
3.28633
3.28368
3.28147
3.27844
3.27412
3.26894
3.26367
3.25888
3.25475
3.25122
3.2482
3.24566
3.24358
3.24189
3.2405
3.23933
3.23833
3.23756
3.23708
3.23699
3.23735
3.23817
3.23947
3.24124
3.24346
3.2461
3.24914
3.25256
3.25635
3.26052
3.26506
3.26999
3.2753
3.281
3.28707
3.29351
3.30028
3.30738
3.31478
3.32244
3.33036
3.3385
3.34684
3.35535
3.36401
3.37279
3.38165
3.39056
3.39949
3.4084
3.41726
3.42603
3.43467
3.44315
3.45145
3.45952
3.46735
3.4749
3.48214
3.48906
3.49564
3.50184
3.50767
3.5131
3.51813
3.52275
3.52695
3.53075
3.53413
3.5371
3.53968
3.54187
3.54368
3.54514
3.53336
2.85602
1.88886
0.780791
0.288445
1.11193
1.61712
1.7675
1.59698
1.18754
0.647613
0.0895369
0.390173
0.724087
0.88071
0.863511
0.704513
0.454123
0.169607
0.0956534
0.300445
0.42059
0.45014
0.399323
0.290116
0.150599
0.00922449
0.110009
0.190835
0.226146
0.217652
0.174115
0.108701
0.0360344
0.0304946
0.080768
0.109087
0.114384
0.0996296
0.0706551
0.0346974
0.00104921
0.0306309
0.0501245
0.0579541
0.0547622
0.0429301
0.0258877
0.0073634
0.00929099
0.0215984
0.0282252
0.0290128
0.0248076
0.0171506
0.00790303
0.00111927
0.00844243
0.0131242
0.0148227
0.0137532
0.0105587
0.00613032
0.00141682
0.00274435
0.00574855
0.0072863
0.00734565
0.00616435
0.00414818
0.00177481
0.000498281
0.00230705
0.00342624
0.00378388
0.00344764
0.00259011
0.0014423
0.000245153
0.000792498
