
Objective value: 
2962.5
7360.57
11807.7
15291.6
17239.1
17551.2
16534.5
14741.1
12778.8
11152.1
10165.4
9899.02
10243
10968.7
11810.9
12539.8
13007
13161.5
13038.6
12731.3
12354.1
12011
11773.2
11670
11691.6
11801.1
11949.3
12089.6
12188.3
12229.6
12215
12159
12082.4
12006.1
11945.8
11909.7
11898.4
11906.3
11924.7
11944.4
11958.1
11961.7
11954.3
11938.1
11916.6
11893.8
11873.2
11856.8
11845.1
11837.5
11832.4
11828.2
11823.3
11816.6
11807.9
11797.4
11785.6
11773.4
11761.3
11750
11739.5
11729.9
11720.9
11712.1
11703.3
11694.3
11684.9
11675.1
11665.1
11654.9
11644.7
11634.6
11624.7
11615
11605.4
11595.9
11586.3
11576.8
11567.2
11557.5
11547.7
11537.9
11528.1
11518.3
11508.6
11498.8
11489.1
11479.4
11469.6
11459.9
11450.1
11440.3
11430.5
11420.6
11410.7
11400.9
11391
11381
11371.1
11361.2
11351.2
11341.2
11331.2
11321.1
11311.1
11301
11290.9
11280.7
11270.6
11260.4
11250.2
11240
11229.7
11219.5
11209.2
11198.8
11188.5
11178.2
11167.8
11157.4
11147
11136.6
11126.1
11115.7
11105.2
11094.7
11084.2
11073.7
11063.2
11052.7
11042.2
11031.6
11021.1
11010.5
10999.9
10989.4
10982.8
10980.3
10981.4
10985.4
10991.1
10997.3
11003
11007.2
11009.5
11009.8
11008.5
11005.9
11002.8
10999.7
10997.2
10995.6
10995
10995.3
10996.4
10997.9
10999.5
11000.9
11001.9
11002.5
11002.5
11002.1
11001.4
11000.6
10999.9
10999.2
10998.8
10998.7
10998.8
10999.1
10999.5
10999.9
11000.3
11000.5
11000.6
11000.6
11000.5
11000.3
11000.1
10999.9
10999.8
10999.7
10999.7
10999.7
10999.8
10999.9
11000
11000.1
11000.1
11000.2
11000.2
11000.1
11000.1
11000
11000
10999.9
10999.9
10999.9
10999.9
10999.9
11000
11000
11000
11000
11000
11000
11000
11000
11000
11000
11000
11000
11000
11000
11000
