
Primal Residual: 
278.119
209.158
112.237
15.1802
67.6248
111.71
118.945
96.2559
56.1079
12.1917
24.2509
46.236
52.0217
44.0783
27.5539
8.41536
8.193
18.8976
22.5754
20.02
13.3196
5.05829
2.50135
7.61367
9.72256
9.02622
6.35718
2.82847
0.694073
3.0262
4.16042
4.04649
3.00689
1.51834
0.315077
1.19443
1.77281
1.80656
1.41205
0.790305
0.223654
0.469177
0.750395
0.80078
0.655579
0.397565
0.141855
0.186855
0.320011
0.360111
0.314766
0.222218
0.145031
0.152244
0.197654
0.222559
0.22046
0.205778
0.197093
0.202123
0.213786
0.222565
0.225165
0.223707
0.221701
0.220801
0.220234
0.218388
0.214417
0.208582
0.20164
0.194128
0.186102
0.177365
0.167821
0.157654
0.147248
0.137037
0.127406
0.118732
0.11147
0.106189
0.103474
0.10374
0.107068
0.113202
0.121671
0.131944
0.143517
0.155956
0.168896
0.182039
0.19514
0.208004
0.220468
0.232397
0.243675
0.254205
0.263903
0.272698
0.280532
0.287357
0.293135
0.297836
0.30144
0.303936
0.30532
0.305597
0.304779
0.302886
0.299946
0.295994
0.291071
0.285226
0.278515
0.271
0.26275
0.253841
0.244355
0.234383
0.224021
0.213375
0.202558
0.191693
0.180914
0.170365
0.160201
0.15059
0.141706
0.133728
0.126828
0.121159
0.116832
0.1139
0.112345
0.111283
0.662199
1.06385
1.2245
1.16054
0.915816
0.558425
0.166882
0.187968
0.450836
0.59405
0.613716
0.527305
0.367065
0.17219
0.0189281
0.174801
0.275302
0.312841
0.291676
0.225187
0.13211
0.0324925
0.0558785
0.120081
0.153408
0.15545
0.131105
0.0888729
0.0388267
0.00933967
0.0478714
0.071927
0.0799014
0.0731529
0.0552789
0.031138
0.00582479
0.0162233
0.0318593
0.0395379
0.0393057
0.032527
0.0214344
0.00860916
0.00350974
0.0130102
0.0187392
0.0203687
0.0183126
0.0135328
0.00728657
0.00086602
0.00462392
0.00841936
0.0101683
0.00992061
0.00805229
0.0051479
0.00186763
0.00117597
0.00351261
0.00486926
0.0051828
0.00457547
0.00330332
0.00169085
6.52581e-05
0.00129892
0.00221691
0.00260968
0.00249941
0.00198885
0.00123063
0.00039325
0.000369715
0.000942909
0.00126209
0.00131634
0.00114096
